0.585182 0.348927 0.065890
0.513340 0.462323 0.024338
0.575371 0.386055 0.038574
0.576439 0.354493 0.069068
0.570984 0.373011 0.056005
0.587733 0.349096 0.063172
0.576681 0.370240 0.053079
0.538426 0.444365 0.017209
0.556935 0.420611 0.022454
0.577343 0.356242 0.066415
0.565926 0.350158 0.083916
0.586438 0.343605 0.069957
0.575348 0.370000 0.054652
0.576176 0.376203 0.047621
0.590552 0.366641 0.042806
0.588654 0.335443 0.075903
0.565316 0.372543 0.062141
0.575254 0.363474 0.061272
0.567814 0.392008 0.040179
0.568834 0.370363 0.060803
0.560441 0.381264 0.058295
0.562200 0.385716 0.052084
0.527014 0.405124 0.067861
0.556331 0.412038 0.031631
0.583228 0.360572 0.056200
0.579216 0.369519 0.051265
0.394364 0.585082 0.020554
0.377484 0.590773 0.031742
0.412895 0.580643 0.006461
0.416164 0.567030 0.016805
0.378455 0.597638 0.023907
0.376460 0.610038 0.013502
0.403068 0.579538 0.017395
0.399359 0.567898 0.032743
0.382088 0.604571 0.013341
0.393576 0.577947 0.028477
0.387490 0.588913 0.023597
0.430590 0.555214 0.014196
0.366433 0.607695 0.025873
0.420445 0.567912 0.011643
0.409410 0.581190 0.009399
0.397283 0.570701 0.032016
0.386144 0.586376 0.027480
0.393024 0.590026 0.016949
0.409558 0.563078 0.027363
0.393625 0.582622 0.023753
0.405177 0.585491 0.009332
0.411128 0.583403 0.005469
0.336862 0.639234 0.023904
0.391152 0.590708 0.018140
0.414131 0.559397 0.026472
0.382608 0.601907 0.015484
0.350164 0.596051 0.053785
0.397097 0.585098 0.017804
0.414499 0.566888 0.018613
0.406645 0.579502 0.013853
0.440629 0.546144 0.013227
0.404771 0.571389 0.023840
0.428077 0.379930 0.191993
0.395211 0.387563 0.217226
0.400506 0.397122 0.202372
0.396695 0.418951 0.184354
0.397799 0.386130 0.216071
0.394429 0.434893 0.170678
0.398358 0.398326 0.203316
0.351526 0.442433 0.206042
0.000010 0.910030 0.089960
0.412146 0.431912 0.155943
0.381519 0.365715 0.252766
0.262964 0.582157 0.154879
0.443905 0.466395 0.089700
0.394686 0.431849 0.173465
0.427374 0.426217 0.146409
0.295818 0.270328 0.433853
0.271479 0.278453 0.450068
0.287685 0.275630 0.436685
0.297801 0.281776 0.420423
0.292941 0.279856 0.427203
0.313249 0.280874 0.405878
0.266401 0.258667 0.474932
0.308021 0.296817 0.395162
0.319484 0.277885 0.402631
0.298049 0.292463 0.409488
0.293383 0.272649 0.433968
0.323106 0.256282 0.420612
0.268175 0.254608 0.477217
0.268205 0.296877 0.434918
0.268647 0.287914 0.443439
0.266011 0.299989 0.434000
0.339731 0.343289 0.316980
0.298066 0.287364 0.414571
0.331167 0.285912 0.382921
0.276456 0.284319 0.439225
0.286182 0.264884 0.448933
0.254850 0.279391 0.465759
0.321551 0.241033 0.437416
0.321943 0.309576 0.368481
0.280442 0.264695 0.454863
0.266142 0.252919 0.480938
0.292370 0.279140 0.428491
0.379962 0.313035 0.307004
0.318911 0.274085 0.407005
0.300065 0.274478 0.425457
0.261830 0.236438 0.501732
0.294033 0.272081 0.433886
0.296333 0.256096 0.447571
0.290635 0.257188 0.452178
0.493688 0.423486 0.082827
0.491231 0.440270 0.068499
0.474253 0.455055 0.070691
0.496418 0.428936 0.074646
0.479625 0.438555 0.081820
0.494166 0.446227 0.059607
0.480143 0.439487 0.080370
0.480827 0.447877 0.071296
0.473758 0.452693 0.073549
0.482324 0.463729 0.053947
0.505617 0.451085 0.043298
0.515581 0.431433 0.052986
0.490900 0.445150 0.063949
0.278143 0.629661 0.092196
0.497293 0.442958 0.059749
0.504705 0.422384 0.072911
0.474447 0.445524 0.080029
0.499707 0.440484 0.059810
0.500018 0.433251 0.066731
0.508698 0.446573 0.044730
0.498800 0.417349 0.083850
0.477117 0.447614 0.075269
0.511366 0.428986 0.059647
0.481006 0.446984 0.072011
0.488348 0.446783 0.064868
0.495008 0.421728 0.083264
0.499053 0.437072 0.063874
0.494490 0.443508 0.062003
0.485233 0.443977 0.070790
0.480949 0.451689 0.067362
0.487222 0.451301 0.061477
0.516577 0.429149 0.054274
0.493566 0.448010 0.058424
0.433451 0.346588 0.219961
0.442699 0.323019 0.234282
0.403481 0.330861 0.265659
0.451618 0.352922 0.195460
0.443127 0.351581 0.205292
0.429924 0.334088 0.235988
0.433173 0.357319 0.209508
0.439136 0.327369 0.233495
0.411351 0.333628 0.255020
0.446951 0.327787 0.225262
0.439730 0.299665 0.260605
0.514325 0.461217 0.024458
0.429879 0.330683 0.239439
0.451026 0.300453 0.248521
0.438089 0.329461 0.232450
0.443054 0.342246 0.214700
0.440192 0.301829 0.257978
0.420440 0.338585 0.240975
0.444633 0.322215 0.233152
0.448778 0.321211 0.230012
0.440453 0.302567 0.256980
0.418682 0.325810 0.255508
0.418800 0.346285 0.234915
0.433277 0.325890 0.240833
0.429279 0.343858 0.226863
0.442192 0.347856 0.209951
0.423044 0.324617 0.252338
0.413211 0.347170 0.239619
0.476171 0.523819 0.000010
0.510256 0.489734 0.000010
0.539129 0.460861 0.000010
0.497856 0.502134 0.000010
0.526327 0.473663 0.000010
0.539458 0.460532 0.000010
0.519797 0.480193 0.000010
0.520862 0.479128 0.000010
0.511254 0.488736 0.000010
0.500871 0.497506 0.001622
0.442026 0.554866 0.003107
0.518145 0.481845 0.000010
0.527867 0.472123 0.000010
0.504575 0.495415 0.000010
0.501104 0.498886 0.000010
0.534554 0.465436 0.000010
0.507502 0.492488 0.000010
0.526034 0.473956 0.000010
0.529886 0.470104 0.000010
0.514100 0.485890 0.000010
0.514540 0.485450 0.000010
0.518842 0.481148 0.000010
0.534232 0.465758 0.000010
0.491615 0.501938 0.006447
0.388140 0.576206 0.035655
0.519022 0.480968 0.000010
0.497998 0.501992 0.000010
0.522590 0.477400 0.000010
0.495533 0.504457 0.000010
0.124710 0.764924 0.110366
0.141392 0.764564 0.094045
0.127365 0.763316 0.109319
0.124126 0.756839 0.119035
0.116803 0.772562 0.110635
0.131678 0.768477 0.099845
0.134855 0.754263 0.110882
0.112795 0.777164 0.110041
0.129200 0.786053 0.084747
0.134960 0.758303 0.106737
0.115245 0.764157 0.120599
0.123476 0.778195 0.098330
0.119225 0.770486 0.110289
0.119325 0.772883 0.107792
0.140016 0.769298 0.090686
0.135203 0.763045 0.101751
0.175623 0.739261 0.085116
0.119613 0.788831 0.091556
0.081130 0.823061 0.095809
0.069423 0.834681 0.095896
0.097240 0.783267 0.119493
0.062663 0.828568 0.108769
0.054037 0.846799 0.099165
0.071307 0.811958 0.116735
0.090885 0.780044 0.129072
0.078936 0.810833 0.110231
0.055806 0.835723 0.108471
0.071656 0.827627 0.100717
0.077523 0.812737 0.109739
0.271258 0.600025 0.128718
0.069889 0.837260 0.092851
0.082036 0.803922 0.114042
0.085236 0.764322 0.150443
0.066319 0.823292 0.110389
0.063586 0.806431 0.129984
0.110456 0.780663 0.108881
0.070694 0.825228 0.104078
0.069510 0.824629 0.105862
0.074228 0.833128 0.092644
0.073001 0.827212 0.099787
0.063207 0.823295 0.113498
0.086977 0.788411 0.124612
0.058188 0.818821 0.122991
0.062411 0.823614 0.113975
0.059651 0.820387 0.119963
0.077099 0.804569 0.118332
0.078123 0.800771 0.121106
0.081597 0.809144 0.109259
0.086348 0.817981 0.095671
0.116833 0.729798 0.153369
0.108493 0.736382 0.155125
0.104911 0.739968 0.155121
0.088391 0.769489 0.142120
0.118291 0.723230 0.158479
0.117895 0.747920 0.134185
0.105404 0.765391 0.129205
0.130381 0.749309 0.120309
0.131184 0.718861 0.149955
0.090116 0.774956 0.134928
0.103625 0.752997 0.143377
0.083024 0.768588 0.148388
0.126044 0.750268 0.123688
0.114922 0.744026 0.141053
0.101274 0.760665 0.138061
0.069986 0.774792 0.155222
0.093874 0.757848 0.148278
0.086808 0.761217 0.151975
0.094707 0.752625 0.152668
0.128674 0.737226 0.134100
0.117968 0.729211 0.152822
0.099381 0.770182 0.130437
0.103098 0.747085 0.149817
0.098676 0.765011 0.136313
0.135870 0.729954 0.134176
0.093124 0.766717 0.140159
0.087378 0.773363 0.139259
0.106243 0.740741 0.153016
0.127522 0.763731 0.108747
0.107257 0.742523 0.150220
0.095915 0.736965 0.167119
0.083107 0.776831 0.140062
0.116779 0.723407 0.159814
0.104024 0.767225 0.128751
0.093344 0.768084 0.138571
0.000010 0.912615 0.087375
0.000010 0.928113 0.071877
0.000090 0.908593 0.091317
0.015948 0.885415 0.098636
0.000010 0.916547 0.083443
0.002181 0.907158 0.090661
0.055159 0.857757 0.087084
0.000010 0.914820 0.085170
0.000010 0.911021 0.088969
0.000010 0.922581 0.077409
0.000010 0.910982 0.089008
0.005265 0.918544 0.076191
0.000010 0.917738 0.082252
0.002032 0.920925 0.077044
0.000106 0.899656 0.100237
0.060437 0.869177 0.070385
0.000010 0.917476 0.082514
0.000010 0.914438 0.085552
0.003914 0.914124 0.081963
0.065949 0.864206 0.069845
0.000010 0.914099 0.085891
0.000010 0.904003 0.095987
0.000010 0.917472 0.082518
0.000010 0.916471 0.083519
0.000010 0.916974 0.083016
0.006734 0.914550 0.078716
0.180218 0.681952 0.137830
0.000010 0.907758 0.092232
0.007401 0.919425 0.073174
0.000010 0.913980 0.086010
0.009860 0.904133 0.086007
0.123162 0.718077 0.158761
0.118304 0.724827 0.156869
0.004005 0.909396 0.086598
0.000010 0.909640 0.090350
0.002673 0.920413 0.076914
0.473855 0.526135 0.000010
0.501927 0.498063 0.000010
0.516267 0.480979 0.002754
0.468936 0.531054 0.000010
0.501919 0.498071 0.000010
0.495099 0.481638 0.023264
0.478818 0.518283 0.002899
0.445718 0.554272 0.000010
0.501327 0.498663 0.000010
0.485964 0.498744 0.015293
0.474493 0.513486 0.012020
0.472678 0.518494 0.008828
0.505525 0.494465 0.000010
0.460165 0.536614 0.003221
0.493261 0.506729 0.000010
0.465380 0.523391 0.011229
0.513140 0.480242 0.006618
0.510791 0.489199 0.000010
0.460942 0.401819 0.137239
0.409949 0.563146 0.026905
0.490121 0.508264 0.001614
0.492314 0.507676 0.000010
0.441795 0.558195 0.000010
0.481835 0.518155 0.000010
0.503441 0.496549 0.000010
0.473927 0.526063 0.000010
0.491029 0.508961 0.000010
0.058836 0.787880 0.153284
0.484107 0.515883 0.000010
0.067583 0.792515 0.139902
0.550637 0.307208 0.142154
0.524385 0.309058 0.166557
0.564373 0.297987 0.137641
0.526125 0.325044 0.148831
0.523508 0.332563 0.143929
0.547392 0.311283 0.141324
0.520169 0.328799 0.151032
0.517861 0.333662 0.148477
0.520493 0.325702 0.153805
0.528151 0.330403 0.141446
0.490789 0.352253 0.156958
0.507426 0.350825 0.141749
0.530439 0.339162 0.130400
0.534026 0.338119 0.127856
0.498035 0.328471 0.173494
0.524638 0.346892 0.128469
0.510412 0.347588 0.142000
0.530950 0.331090 0.137960
0.537185 0.316334 0.146481
0.522468 0.321542 0.155989
0.538989 0.316719 0.144292
0.537191 0.312337 0.150472
0.490765 0.358053 0.151182
0.531137 0.320568 0.148295
0.510664 0.326920 0.162416
0.526581 0.321439 0.151980
0.546673 0.320647 0.132679
0.518859 0.328125 0.153016
0.527584 0.340207 0.132209
0.537812 0.302545 0.159643
0.523579 0.350991 0.125430
0.532096 0.318721 0.149183
0.112125 0.728786 0.159089
0.145171 0.715960 0.138869
0.093824 0.753647 0.152529
0.039075 0.798457 0.162469
0.093405 0.776122 0.130473
0.098463 0.727557 0.173980
0.092553 0.755632 0.151815
0.119890 0.758515 0.121594
0.112731 0.748455 0.138814
0.121129 0.740105 0.138766
0.067639 0.786349 0.146011
0.103039 0.761061 0.135900
0.106301 0.760083 0.133616
0.117712 0.758335 0.123954
0.093615 0.742166 0.164219
0.080220 0.760806 0.158974
0.106965 0.755113 0.137922
0.121240 0.741029 0.137730
0.105097 0.738832 0.156071
0.133678 0.731645 0.134677
0.116884 0.729879 0.153237
0.116413 0.761129 0.122459
0.088072 0.730614 0.181314
0.127743 0.748743 0.123514
0.103061 0.764324 0.132615
0.095610 0.764916 0.139474
0.127023 0.748988 0.123989
0.087165 0.749240 0.163595
0.102780 0.759780 0.137439
0.109839 0.752599 0.137561
0.104938 0.745594 0.149468
0.109676 0.780289 0.110034
0.090514 0.769840 0.139646
0.073083 0.802842 0.124075
0.029844 0.775357 0.194799
0.059661 0.786303 0.154036
0.066279 0.780274 0.153447
0.047821 0.799699 0.152480
0.053482 0.782180 0.164338
0.084185 0.767004 0.148810
0.070707 0.764977 0.164316
0.057210 0.799547 0.143243
0.078110 0.781573 0.140316
0.086283 0.776655 0.137062
0.086103 0.773220 0.140677
0.072813 0.791988 0.135199
0.073108 0.504473 0.422419
0.055327 0.806219 0.138454
0.097159 0.766342 0.136498
0.065612 0.775287 0.159101
0.051998 0.802885 0.145117
0.071271 0.759043 0.169686
0.052557 0.789749 0.157694
0.063582 0.787059 0.149359
0.009946 0.880706 0.109348
0.035200 0.866778 0.098023
0.000010 0.887423 0.112567
0.000010 0.900986 0.099004
0.009239 0.895899 0.094862
0.000010 0.904825 0.095165
0.000674 0.883897 0.115428
0.005219 0.892581 0.102200
0.000010 0.900625 0.099365
0.003572 0.897148 0.099280
0.000010 0.870601 0.129389
0.028051 0.884816 0.087132
0.000010 0.889783 0.110207
0.107589 0.807840 0.084571
0.015721 0.873717 0.110563
0.016341 0.873334 0.110325
0.000877 0.912947 0.086176
0.011910 0.878581 0.109509
0.256719 0.686953 0.056328
0.000010 0.902041 0.097949
0.037804 0.873081 0.089115
0.014790 0.898263 0.086947
0.012220 0.867156 0.120624
0.012319 0.888691 0.098990
0.015570 0.889760 0.094670
0.018963 0.890797 0.090240
0.475880 0.265954 0.258166
0.458077 0.308069 0.233854
0.463170 0.290957 0.245874
0.454558 0.278742 0.266700
0.459471 0.273131 0.267398
0.455684 0.292527 0.251788
0.484119 0.305053 0.210828
0.471564 0.258855 0.269580
0.475217 0.267981 0.256802
0.465125 0.285881 0.248994
0.467564 0.280976 0.251460
0.449978 0.274716 0.275306
0.478073 0.273240 0.248687
0.486757 0.294483 0.218760
0.457064 0.300859 0.242078
0.478939 0.259032 0.262029
0.468309 0.272869 0.258822
0.486349 0.380104 0.133547
0.492346 0.264348 0.243306
0.494786 0.359500 0.145713
0.485526 0.272656 0.241818
0.459468 0.295842 0.244690
0.469772 0.262752 0.267475
0.440493 0.288622 0.270885
0.511756 0.314282 0.173961
0.120753 0.439484 0.439762
0.101846 0.370941 0.527213
0.101134 0.418902 0.479964
0.132616 0.417262 0.450122
0.121213 0.464437 0.414350
0.095179 0.440758 0.464064
0.107871 0.397801 0.494328
0.123637 0.434014 0.442349
0.261030 0.447006 0.291965
0.248031 0.423103 0.328866
0.110127 0.415057 0.474816
0.106605 0.497139 0.396256
0.098082 0.463574 0.438343
0.105654 0.393813 0.500533
0.208613 0.415586 0.375801
0.110765 0.399037 0.490198
0.125908 0.383035 0.491057
0.097379 0.414152 0.488469
0.118798 0.427227 0.453975
0.119873 0.442231 0.437896
0.122854 0.440351 0.436795
0.084361 0.412500 0.503140
0.102879 0.441311 0.455810
0.082078 0.414113 0.503809
0.104521 0.437568 0.457911
0.087569 0.432617 0.479813
0.099286 0.436674 0.464039
0.098617 0.387242 0.514141
0.111609 0.425380 0.463011
0.115972 0.425710 0.458319
0.103264 0.371803 0.524933
0.097397 0.418683 0.483919
0.120662 0.439097 0.440242
0.123654 0.414482 0.461864
0.277428 0.370789 0.351783
0.099589 0.460697 0.439714
0.106311 0.412170 0.481519
0.142452 0.419016 0.438532
0.084579 0.200625 0.714796
0.362983 0.429622 0.207395
0.400262 0.381278 0.218460
0.414514 0.409067 0.176419
0.391891 0.426487 0.181623
0.380569 0.411665 0.207766
0.395813 0.391418 0.212769
0.389642 0.419222 0.191136
0.374932 0.386972 0.238097
0.401478 0.357726 0.240795
0.382126 0.439747 0.178126
0.407934 0.376415 0.215651
0.411106 0.378297 0.210597
0.377084 0.378749 0.244167
0.394860 0.419168 0.185973
0.370724 0.403696 0.225580
0.387817 0.410081 0.202103
0.419488 0.456985 0.123527
0.398699 0.374134 0.227167
0.407443 0.404711 0.187846
0.297817 0.000010 0.702173
0.418388 0.209677 0.371935
0.345547 0.000010 0.654443
0.259023 0.000010 0.740967
0.213085 0.000010 0.786905
0.460061 0.237211 0.302729
0.336405 0.000010 0.663585
0.284771 0.000010 0.715219
0.294767 0.000010 0.705223
0.373999 0.000010 0.625991
0.397357 0.185374 0.417268
0.281830 0.000010 0.718160
0.312902 0.000010 0.687088
0.319470 0.000010 0.680520
0.337917 0.000010 0.662073
0.314633 0.000010 0.685357
0.436836 0.223268 0.339896
0.340785 0.000010 0.659205
0.286852 0.000010 0.713138
0.285944 0.000010 0.714046
0.362763 0.008706 0.628531
0.202628 0.000010 0.797362
0.306686 0.000010 0.693304
0.288744 0.000010 0.711246
0.342919 0.000010 0.657071
0.301019 0.000010 0.698971
0.314996 0.000010 0.684994
0.437586 0.188756 0.373658
0.338037 0.000010 0.661953
0.297817 0.000010 0.702173
0.278947 0.000010 0.721043
0.060580 0.176031 0.763390
0.058246 0.221747 0.720007
0.073371 0.203817 0.722812
0.088483 0.254908 0.656609
0.077587 0.189981 0.732431
0.075632 0.245137 0.679231
0.070208 0.204175 0.725616
0.140307 0.234806 0.624887
0.065594 0.254363 0.680043
0.131676 0.276833 0.591491
0.086799 0.200317 0.712884
0.076800 0.215559 0.707641
0.081661 0.193672 0.724668
0.055809 0.170503 0.773687
0.049845 0.191410 0.758745
0.080754 0.201806 0.717440
0.066081 0.237783 0.696136
0.076217 0.196194 0.727589
0.516474 0.477889 0.005637
0.515451 0.459568 0.024980
0.338808 0.000010 0.661182
0.444399 0.005906 0.549696
0.385539 0.000010 0.614451
0.458504 0.000010 0.541486
0.085717 0.264367 0.649915
0.069963 0.246715 0.683322
0.061708 0.205467 0.732825
0.082143 0.165770 0.752087
0.413499 0.000010 0.586491
0.434739 0.032938 0.532322
0.097575 0.062872 0.839553
0.100074 0.118139 0.781787
0.057227 0.071212 0.871561
0.054582 0.056800 0.888618
0.051230 0.072731 0.876039
0.100796 0.062765 0.836440
0.059662 0.063677 0.876661
0.067329 0.029061 0.903610
0.071644 0.036398 0.891957
0.087615 0.038028 0.874357
0.066576 0.070150 0.863274
0.066052 0.055394 0.878555
0.058899 0.046477 0.894623
0.070784 0.054497 0.874719
0.066905 0.061675 0.871420
0.055598 0.066942 0.877460
0.063039 0.045747 0.891215
0.079597 0.044224 0.876179
0.266430 0.234617 0.498953
0.077379 0.085747 0.836875
0.064940 0.066678 0.868382
0.065392 0.054705 0.879903
0.056994 0.057181 0.885825
0.087983 0.057612 0.854405
0.075164 0.054586 0.870249
0.030915 0.060501 0.908584
0.066448 0.065526 0.868026
0.067527 0.069178 0.863295
0.080661 0.029713 0.889627
0.075055 0.046999 0.877946
0.105513 0.046506 0.847981
0.067646 0.044722 0.887632
0.063756 0.050877 0.885367
0.452191 0.028399 0.519409
0.421191 0.001973 0.576835
0.460398 0.012540 0.527062
0.433682 0.024001 0.542316
0.478501 0.000010 0.521489
0.383761 0.000010 0.616229
0.440054 0.017499 0.542447
0.429156 0.029017 0.541827
0.457171 0.018626 0.524203
0.475256 0.000010 0.524734
0.455149 0.032744 0.512107
0.438298 0.000010 0.561692
0.453971 0.010160 0.535869
0.450013 0.026040 0.523947
0.399075 0.005203 0.595722
0.448134 0.000010 0.551856
0.441405 0.000010 0.558585
0.448307 0.000010 0.551683
0.451606 0.014266 0.534129
0.457728 0.032580 0.509692
0.472426 0.191209 0.336365
0.484801 0.147066 0.368132
0.430424 0.028722 0.540853
0.046041 0.054260 0.899699
0.061121 0.070521 0.868358
0.083836 0.067491 0.848673
0.063094 0.060596 0.876310
0.074552 0.097947 0.827501
0.086173 0.070201 0.843626
0.060293 0.054190 0.885517
0.055614 0.057400 0.886986
0.105131 0.074946 0.819923
0.077186 0.074382 0.848432
0.044972 0.052325 0.902703
0.008257 0.053543 0.938200
0.121965 0.159762 0.718272
0.004938 0.077754 0.917308
0.022045 0.051507 0.926448
0.001078 0.069845 0.929076
0.031231 0.055611 0.913158
0.051559 0.147002 0.801439
0.016223 0.055900 0.927877
0.009937 0.053675 0.936389
0.000538 0.059952 0.939510
0.038341 0.048200 0.913458
0.000010 0.084349 0.915641
0.265678 0.286029 0.448293
0.000010 0.065415 0.934575
0.016772 0.048648 0.934580
0.017382 0.069726 0.912892
0.178428 0.198529 0.623043
0.035212 0.198595 0.766193
0.013930 0.080376 0.905694
0.006383 0.062541 0.931076
0.019887 0.054742 0.925371
0.000010 0.052328 0.947662
0.022539 0.053918 0.923543
0.291827 0.218961 0.489212
0.017277 0.053566 0.929157
0.008892 0.054400 0.936708
0.013392 0.052602 0.934006
0.000010 0.068158 0.931832
0.004813 0.059567 0.935620
0.007474 0.082968 0.909558
0.000010 0.056500 0.943490
0.009516 0.072755 0.917729
0.001342 0.054296 0.944362
0.019202 0.063305 0.917493
0.013804 0.064288 0.921908
0.124495 0.159905 0.715600
0.016425 0.052550 0.931025
0.052941 0.098527 0.848532
0.031856 0.070300 0.897844
0.000010 0.083399 0.916591
0.000010 0.065519 0.934471
0.000010 0.066462 0.933528
0.011492 0.070141 0.918367
0.034812 0.050366 0.914822
0.000010 0.000010 0.999980
0.000010 0.000010 0.999980
0.000010 0.002168 0.997822
0.000010 0.000010 0.999980
0.000010 0.000010 0.999980
0.000010 0.000010 0.999980
0.000010 0.000010 0.999980
0.000010 0.002329 0.997661
0.000010 0.000010 0.999980
0.000010 0.010995 0.988995
0.000010 0.001381 0.998609
0.000010 0.000010 0.999980
0.000010 0.020809 0.979181
0.100565 0.246645 0.652790
0.110906 0.244269 0.644825
0.074654 0.237464 0.687882
0.098922 0.257812 0.643266
0.101051 0.273358 0.625591
0.107565 0.252178 0.640257
0.081923 0.223480 0.694597
0.114004 0.228101 0.657895
0.095572 0.235641 0.668786
0.079096 0.234819 0.686085
0.066251 0.248566 0.685183
0.130816 0.357844 0.511340
0.118219 0.248755 0.633026
0.112348 0.237161 0.650491
0.108048 0.228850 0.663102
0.055931 0.217885 0.726185
0.115914 0.252959 0.631127
0.095526 0.248213 0.656261
0.111962 0.247558 0.640479
0.122993 0.310898 0.566109
0.108213 0.273639 0.618148
0.089754 0.263977 0.646269
0.118365 0.256482 0.625153
0.096413 0.217363 0.686224
0.106025 0.249317 0.644658
0.104641 0.246352 0.649007
0.101761 0.245957 0.652282
0.099718 0.224734 0.675548
0.135823 0.250349 0.613828
0.093298 0.237673 0.669029
0.133994 0.266535 0.599472
0.063575 0.222210 0.714215
0.087470 0.251540 0.660990
0.333135 0.324873 0.341992
0.107185 0.238960 0.653854
0.099925 0.250516 0.649559
0.115845 0.243790 0.640365
0.096337 0.265658 0.638005
0.092288 0.258543 0.649169
0.088923 0.248937 0.662141
0.045755 0.188955 0.765290
0.095218 0.244105 0.660677
0.100211 0.250242 0.649548
0.101981 0.272786 0.625234
0.110413 0.256277 0.633310
0.089313 0.200848 0.709839
0.072446 0.199067 0.728487
0.083285 0.216935 0.699780
0.097738 0.204186 0.698077
0.504237 0.472390 0.023373
0.522672 0.471504 0.005824
0.514381 0.429443 0.056176
0.489645 0.510345 0.000010
0.511571 0.481324 0.007105
0.517036 0.409038 0.073925
0.231408 0.297564 0.471028
0.500262 0.408255 0.091482
0.516923 0.463673 0.019404
0.528857 0.456358 0.014784
0.501112 0.437798 0.061090
0.535108 0.463361 0.001531
0.270529 0.280686 0.448784
0.527163 0.445695 0.027143
0.506754 0.414751 0.078494
0.508953 0.413361 0.077686
0.462894 0.537096 0.000010
0.512589 0.471434 0.015977
0.521907 0.428674 0.049420
0.527772 0.435989 0.036239
0.372588 0.542361 0.085051
0.484848 0.492348 0.022804
0.491269 0.465010 0.043722
0.429872 0.329772 0.240357
0.524173 0.410933 0.064894
0.514996 0.451434 0.033571
0.550667 0.449323 0.000010
0.425379 0.312437 0.262184
0.507123 0.492867 0.000010
0.504977 0.461168 0.033855
0.520872 0.429169 0.049959
0.516093 0.465065 0.018842
0.508316 0.428978 0.062706
0.543729 0.376027 0.080244
0.444276 0.333267 0.222457
0.531646 0.386341 0.082013
0.455082 0.455297 0.089621
0.506012 0.460915 0.033073
0.535758 0.406158 0.058084
0.523411 0.411620 0.064968
0.526803 0.405020 0.068177
0.534615 0.382571 0.082814
0.551704 0.391037 0.057259
0.522321 0.401361 0.076319
0.518342 0.401206 0.080451
0.522250 0.399438 0.078313
0.548372 0.439059 0.012568
0.535528 0.422229 0.042243
0.519581 0.437997 0.042422
0.526864 0.404691 0.068445
0.516107 0.391797 0.092096
0.503676 0.386913 0.109412
0.384434 0.464601 0.150965
0.513770 0.465562 0.020669
0.554552 0.377649 0.067799
0.486672 0.414945 0.098383
0.501721 0.455591 0.042688
0.539821 0.438340 0.021838
0.430900 0.520524 0.048576
0.524709 0.431810 0.043481
0.533781 0.402190 0.064028
0.528570 0.412744 0.058686
0.523466 0.390213 0.086322
0.561807 0.380377 0.057816
0.529605 0.401484 0.068911
0.509241 0.441717 0.049042
0.526665 0.418986 0.054348
0.533712 0.460068 0.006221
0.525649 0.421517 0.052834
0.518968 0.417306 0.063726
0.524458 0.423651 0.051891
0.537466 0.421262 0.041272
0.529302 0.412856 0.057842
0.525432 0.396605 0.077963
0.543946 0.396224 0.059830
0.535460 0.393613 0.070927
0.498599 0.428773 0.072627
0.029012 0.025279 0.945708
0.022072 0.003415 0.974513
0.018880 0.027682 0.953438
0.029306 0.006274 0.964420
0.026074 0.006681 0.967245
0.000010 0.014459 0.985531
0.034712 0.003671 0.961617
0.012691 0.000600 0.986709
0.044818 0.017930 0.937251
0.034993 0.014202 0.950805
0.022209 0.010135 0.967656
0.095114 0.060274 0.844612
0.053609 0.094709 0.851681
0.006257 0.025216 0.968527
0.007555 0.000010 0.992435
0.005360 0.015077 0.979563
0.007506 0.000010 0.992484
0.000081 0.005292 0.994627
0.018268 0.015272 0.966460
0.026479 0.008207 0.965314
0.042378 0.070798 0.886824
0.019789 0.019973 0.960238
0.008048 0.011276 0.980676
0.002456 0.019774 0.977770
0.049831 0.057324 0.892845
0.045303 0.067105 0.887591
0.067955 0.034421 0.897624
0.017185 0.019917 0.962898
0.006732 0.000010 0.993258
0.000010 0.008178 0.991812
0.046619 0.022664 0.930717
0.056160 0.054071 0.889769
0.009804 0.009179 0.981017
0.000010 0.000010 0.999980
0.002924 0.000010 0.997066
0.024676 0.035009 0.940315
0.026778 0.009774 0.963448
0.012752 0.000010 0.987238
0.042891 0.028619 0.928490
0.061018 0.047353 0.891629
0.008225 0.000010 0.991765
