0.814298 0.119752 0.029198 0.000010 0.036743
0.787299 0.047140 0.000010 0.121916 0.043635
0.809059 0.121885 0.021654 0.036584 0.010818
0.815021 0.102616 0.038755 0.000975 0.042633
0.776223 0.125896 0.054851 0.041859 0.001171
0.813290 0.128676 0.025254 0.000010 0.032770
0.816870 0.115593 0.020670 0.015137 0.031730
0.815157 0.035971 0.027495 0.093829 0.027548
0.810060 0.089286 0.017119 0.070784 0.012752
0.816613 0.089095 0.048941 0.005612 0.039740
0.789694 0.112616 0.040523 0.008530 0.048637
0.810597 0.105342 0.049257 0.000010 0.034794
0.818956 0.113793 0.018459 0.013422 0.035370
0.826138 0.107876 0.019027 0.015185 0.031773
0.818663 0.108394 0.056094 0.015672 0.001176
0.803857 0.119588 0.031599 0.000010 0.044946
0.778646 0.115668 0.050763 0.039585 0.015338
0.823626 0.102701 0.027871 0.003015 0.042787
0.809851 0.106588 0.023715 0.040977 0.018869
0.805650 0.101753 0.033052 0.022601 0.036944
0.805685 0.102210 0.018604 0.030326 0.043175
0.779086 0.129518 0.028564 0.050334 0.012499
0.748857 0.121423 0.001882 0.081912 0.045925
0.781360 0.106955 0.035393 0.076282 0.000010
0.828271 0.110282 0.018030 0.002160 0.041257
0.810955 0.114157 0.032030 0.020864 0.021994
0.626419 0.023003 0.000010 0.323657 0.026912
0.604866 0.000891 0.020378 0.341526 0.032339
0.638740 0.039916 0.000010 0.315343 0.005991
0.668105 0.000010 0.013007 0.286810 0.032068
0.589287 0.023783 0.010732 0.358633 0.017565
0.594863 0.018463 0.008932 0.367017 0.010725
0.621627 0.001724 0.048934 0.327052 0.000663
0.639854 0.009835 0.004568 0.300559 0.045184
0.609539 0.013965 0.006734 0.353515 0.016248
0.627988 0.000010 0.028511 0.316926 0.026565
0.608644 0.024250 0.001983 0.339425 0.025698
0.665824 0.021315 0.019989 0.278878 0.013994
0.595657 0.003040 0.003792 0.362213 0.035298
0.661390 0.026938 0.000010 0.290447 0.021215
0.649087 0.000010 0.027657 0.311859 0.011386
0.637129 0.016074 0.000010 0.302538 0.044249
0.606665 0.000010 0.035165 0.338974 0.019185
0.631179 0.014061 0.000010 0.327269 0.027481
0.637490 0.016753 0.022779 0.299025 0.023953
0.630114 0.000010 0.020460 0.321116 0.028301
0.640300 0.011770 0.016200 0.320060 0.011670
0.664043 0.000010 0.009196 0.305457 0.021294
0.539014 0.015395 0.001199 0.423917 0.020475
0.615044 0.009246 0.018632 0.339758 0.017319
0.643805 0.004800 0.035934 0.294717 0.020744
0.620950 0.000010 0.006186 0.345229 0.027625
0.573855 0.000010 0.007777 0.358530 0.059829
0.617265 0.034676 0.000967 0.330692 0.016401
0.663796 0.000010 0.013837 0.289573 0.032784
0.663584 0.000010 0.009556 0.297819 0.029030
0.688089 0.011986 0.020317 0.259312 0.020296
0.643436 0.005858 0.014430 0.304808 0.031469
0.561832 0.153889 0.021717 0.141311 0.121251
0.523814 0.141052 0.025831 0.163790 0.145513
0.509533 0.153018 0.043766 0.184396 0.109287
0.551974 0.122932 0.010456 0.181096 0.133541
0.523114 0.158536 0.014349 0.161441 0.142561
0.545843 0.106701 0.030005 0.204122 0.113328
0.494613 0.156978 0.055301 0.194261 0.098847
0.480553 0.113776 0.021176 0.241096 0.143398
0.000010 0.035583 0.000010 0.964387 0.000010
0.559202 0.112792 0.037497 0.198559 0.091952
0.458327 0.202924 0.024122 0.171317 0.143310
0.382351 0.049526 0.038275 0.435690 0.094158
0.663842 0.053844 0.022077 0.183927 0.076310
0.535886 0.120541 0.020706 0.208007 0.114860
0.620420 0.069244 0.028885 0.162518 0.118934
0.298707 0.237902 0.039482 0.140383 0.283527
0.265395 0.228461 0.048382 0.163378 0.294384
0.276668 0.243496 0.049645 0.156802 0.273389
0.299292 0.228403 0.056075 0.153689 0.262540
0.283604 0.243807 0.048576 0.158646 0.265366
0.285856 0.300927 0.023699 0.157865 0.231654
0.263770 0.240799 0.025524 0.140702 0.329205
0.344235 0.219051 0.021324 0.144884 0.270506
0.319270 0.221214 0.081080 0.143999 0.234437
0.314391 0.219252 0.040628 0.156709 0.269019
0.278579 0.250890 0.049012 0.153468 0.268051
0.335035 0.230000 0.054806 0.110948 0.269210
0.255960 0.220444 0.067092 0.143558 0.312945
0.250155 0.231756 0.061161 0.191728 0.265201
0.253519 0.232277 0.056525 0.179869 0.277811
0.260646 0.220013 0.053038 0.188963 0.277340
0.389130 0.220506 0.013656 0.177259 0.199449
0.278097 0.279236 0.024394 0.169050 0.249223
0.336731 0.240205 0.055459 0.143637 0.223967
0.265335 0.270720 0.009268 0.167578 0.287099
0.275787 0.253072 0.039075 0.143578 0.288488
0.230152 0.259989 0.026600 0.179130 0.304129
0.310351 0.254247 0.058830 0.107568 0.269004
0.352893 0.209040 0.041766 0.160229 0.236072
0.255664 0.274886 0.024107 0.153422 0.291921
0.250114 0.237775 0.046104 0.143721 0.322287
0.295040 0.221835 0.053202 0.152985 0.276938
0.446532 0.203021 0.041365 0.121162 0.187921
0.316672 0.259341 0.036902 0.137976 0.249109
0.285689 0.239622 0.064633 0.154489 0.255567
0.225167 0.274371 0.044115 0.135214 0.321133
0.314973 0.188438 0.070619 0.135757 0.290212
0.285439 0.274523 0.018531 0.128793 0.292713
0.283146 0.254247 0.031077 0.131962 0.299568
0.697776 0.073462 0.059532 0.129374 0.039856
0.706628 0.092266 0.018381 0.138827 0.043897
0.667369 0.121077 0.003772 0.171926 0.035856
0.722799 0.072018 0.032098 0.119160 0.053926
0.705631 0.050664 0.039838 0.139481 0.064384
0.711047 0.078516 0.035914 0.144280 0.030243
0.680174 0.099341 0.025061 0.150561 0.044863
0.697266 0.082131 0.015603 0.152459 0.052541
0.707572 0.044081 0.032109 0.152153 0.064086
0.705759 0.067148 0.024665 0.165870 0.036558
0.756646 0.068705 0.006152 0.123980 0.044517
0.752161 0.073620 0.029940 0.108849 0.035430
0.710953 0.061601 0.045542 0.145005 0.036898
0.410224 0.049747 0.020787 0.475376 0.043866
0.720460 0.072908 0.034500 0.136553 0.035579
0.715167 0.092562 0.037183 0.117256 0.037833
0.702090 0.065606 0.014246 0.146492 0.071566
0.726532 0.089549 0.011379 0.128959 0.043580
0.712359 0.083305 0.037515 0.131546 0.035275
0.742442 0.060372 0.040519 0.131680 0.024987
0.711255 0.101650 0.019216 0.111729 0.056150
0.715739 0.056262 0.012331 0.141062 0.074606
0.740206 0.060852 0.047599 0.115458 0.035885
0.689630 0.067890 0.048993 0.156561 0.036926
0.721098 0.081600 0.000010 0.137122 0.060170
0.710204 0.071361 0.046151 0.120331 0.051953
0.701513 0.111229 0.020137 0.138979 0.028142
0.721599 0.080495 0.021082 0.133563 0.043261
0.675739 0.102675 0.034777 0.160597 0.026212
0.700655 0.058994 0.041390 0.155662 0.043299
0.704126 0.075235 0.032828 0.152755 0.035056
0.741514 0.074784 0.035204 0.116578 0.031920
0.723844 0.045752 0.052846 0.141995 0.035563
0.499702 0.221261 0.054289 0.139383 0.085364
0.501836 0.247150 0.044572 0.111423 0.095018
0.465342 0.234035 0.031666 0.131427 0.137530
0.552608 0.196016 0.041394 0.120591 0.089391
0.534624 0.224063 0.022485 0.123679 0.095149
0.483048 0.236608 0.054729 0.133416 0.092199
0.534432 0.181099 0.048038 0.132214 0.104217
0.506894 0.244317 0.033826 0.111460 0.103503
0.453774 0.252180 0.039459 0.143250 0.111337
0.515050 0.231432 0.051289 0.111262 0.090967
0.501575 0.246789 0.039668 0.085196 0.126773
0.769825 0.053073 0.017868 0.133040 0.026194
0.491976 0.238784 0.033731 0.124358 0.111150
0.497180 0.259614 0.057738 0.091120 0.094349
0.522379 0.217070 0.035839 0.107415 0.117296
0.515485 0.218292 0.052626 0.127464 0.086134
0.492795 0.239031 0.063276 0.094427 0.110471
0.496168 0.213784 0.039830 0.129033 0.121185
0.507941 0.242296 0.048920 0.106869 0.093974
0.523524 0.213932 0.059400 0.102135 0.101009
0.487727 0.279107 0.025314 0.093839 0.114013
0.463971 0.243615 0.050005 0.132135 0.110274
0.462969 0.263631 0.028350 0.153020 0.092030
0.497799 0.237730 0.042939 0.114627 0.106904
0.496731 0.225273 0.049620 0.134854 0.093522
0.551855 0.175209 0.053238 0.112909 0.106789
0.489772 0.213755 0.058951 0.118728 0.118794
0.477764 0.232095 0.033172 0.144817 0.112152
0.733565 0.047475 0.000010 0.218940 0.000010
0.811242 0.003541 0.021525 0.143417 0.020276
0.848289 0.024693 0.015918 0.102723 0.008377
0.797730 0.000010 0.028536 0.164447 0.009276
0.813872 0.032511 0.013400 0.126517 0.013700
0.831195 0.030672 0.025844 0.110119 0.002170
0.833020 0.036611 0.000010 0.127579 0.002780
0.812157 0.008888 0.031880 0.133377 0.013697
0.807359 0.012064 0.021446 0.146747 0.012384
0.796014 0.000010 0.018938 0.154971 0.030067
0.699472 0.000010 0.029785 0.260606 0.010126
0.789364 0.058460 0.002856 0.149311 0.000010
0.814500 0.047742 0.006120 0.131628 0.000010
0.800919 0.008715 0.024100 0.160240 0.006026
0.776541 0.038036 0.011307 0.174105 0.000010
0.830046 0.015300 0.042063 0.112581 0.000010
0.786432 0.032750 0.008417 0.157939 0.014462
0.820532 0.005176 0.041639 0.132643 0.000010
0.839632 0.037709 0.000010 0.118490 0.004159
0.807523 0.007029 0.037342 0.148096 0.000010
0.804403 0.013114 0.026418 0.144595 0.011470
0.828981 0.009392 0.001003 0.125061 0.035564
0.824008 0.035000 0.017902 0.116684 0.006407
0.764018 0.020949 0.021412 0.174915 0.018706
0.613151 0.006784 0.019004 0.324495 0.036566
0.807889 0.021859 0.022397 0.141761 0.006094
0.783773 0.002985 0.031073 0.172162 0.010007
0.799446 0.034570 0.017657 0.135416 0.012911
0.768314 0.017370 0.024332 0.178031 0.011952
0.154782 0.065527 0.025432 0.740991 0.013268
0.185358 0.067880 0.014347 0.725103 0.007312
0.168634 0.066450 0.011402 0.730757 0.022757
0.162459 0.063993 0.020111 0.726167 0.027270
0.163945 0.038283 0.026459 0.743479 0.027834
0.167255 0.063926 0.029641 0.738241 0.000936
0.186567 0.058901 0.008718 0.712271 0.033543
0.158827 0.059436 0.000065 0.748033 0.033639
0.192701 0.028786 0.023635 0.743693 0.011186
0.184775 0.062066 0.003472 0.718228 0.031458
0.139951 0.061804 0.030997 0.747303 0.019945
0.174677 0.060429 0.000010 0.741006 0.023878
0.126885 0.099863 0.012929 0.760313 0.000010
0.156381 0.057184 0.017000 0.748104 0.021330
0.202227 0.047623 0.010341 0.721200 0.018610
0.184426 0.041097 0.036334 0.724957 0.013186
0.245284 0.056548 0.022720 0.669609 0.005839
0.164690 0.051561 0.017939 0.759560 0.006250
0.120676 0.018569 0.029514 0.818290 0.012951
0.110480 0.032617 0.001497 0.831805 0.023600
0.150860 0.030252 0.013614 0.757839 0.047435
0.073179 0.050844 0.023290 0.845782 0.006905
0.097380 0.000215 0.024338 0.852943 0.025123
0.111213 0.008449 0.035648 0.810205 0.034485
0.128659 0.034195 0.025168 0.766898 0.045080
0.100191 0.023508 0.052708 0.815973 0.007620
0.093264 0.015798 0.018643 0.841871 0.030424
0.089698 0.054233 0.011287 0.837039 0.007743
0.124444 0.023853 0.014157 0.801920 0.035626
0.384577 0.065701 0.028021 0.455919 0.065782
0.106222 0.018675 0.024671 0.838148 0.012284
0.116883 0.047556 0.005653 0.796501 0.033407
0.126736 0.026318 0.027644 0.749908 0.069394
0.103784 0.032601 0.006791 0.822707 0.034118
0.079179 0.043533 0.026364 0.817787 0.033137
0.165006 0.021949 0.028186 0.751467 0.033391
0.100764 0.042312 0.008556 0.827170 0.021198
0.095123 0.049592 0.004870 0.829010 0.021405
0.111550 0.019221 0.025074 0.832942 0.011214
0.105039 0.026254 0.022652 0.829828 0.016226
0.074606 0.061946 0.003315 0.838911 0.021222
0.130243 0.033522 0.017201 0.773826 0.045208
0.067237 0.051218 0.016294 0.838548 0.026703
0.103796 0.007266 0.028620 0.824821 0.035496
0.073163 0.046419 0.020647 0.836532 0.023238
0.108039 0.052114 0.000010 0.801694 0.038143
0.105873 0.023281 0.038100 0.802072 0.030674
0.111340 0.042138 0.022183 0.805967 0.018372
0.141241 0.000010 0.040839 0.800843 0.017068
0.168582 0.043404 0.019594 0.693033 0.075387
0.137062 0.053928 0.040478 0.715833 0.052699
0.161028 0.035165 0.013908 0.705264 0.084635
0.122306 0.054788 0.006845 0.756718 0.059343
0.176610 0.042594 0.009983 0.681651 0.089161
0.181442 0.035144 0.010289 0.705295 0.067830
0.158913 0.032549 0.015008 0.736173 0.057357
0.176265 0.051308 0.026675 0.712835 0.032918
0.183987 0.044712 0.028117 0.675067 0.068118
0.134050 0.042634 0.014184 0.755636 0.053496
0.142563 0.048657 0.020184 0.730332 0.058264
0.131700 0.026938 0.018048 0.750053 0.073261
0.194945 0.013450 0.034188 0.704241 0.053177
0.169910 0.042132 0.010101 0.707698 0.070159
0.155159 0.017648 0.032413 0.733218 0.061562
0.102952 0.025603 0.032712 0.771566 0.067166
0.139069 0.052560 0.000010 0.733607 0.074754
0.124041 0.038728 0.019267 0.747723 0.070241
0.150091 0.040001 0.000624 0.723298 0.085985
0.200968 0.025655 0.019920 0.684912 0.068544
0.179756 0.040383 0.010832 0.685196 0.083834
0.150949 0.034433 0.014702 0.743651 0.056266
0.161107 0.022855 0.025062 0.714162 0.076814
0.135565 0.044227 0.020106 0.747756 0.052345
0.187021 0.037953 0.039694 0.687968 0.047364
0.142640 0.021174 0.028847 0.744909 0.062429
0.123793 0.043854 0.012118 0.760974 0.059260
0.166309 0.041854 0.000010 0.702855 0.088972
0.198109 0.020493 0.021818 0.717038 0.042542
0.128937 0.055075 0.037140 0.729163 0.049685
0.152304 0.030751 0.009219 0.706777 0.100949
0.121669 0.038350 0.018109 0.764715 0.057158
0.177447 0.047526 0.000010 0.679918 0.095099
0.147697 0.030294 0.034959 0.743993 0.043057
0.135465 0.028806 0.033922 0.749986 0.051821
0.007445 0.013003 0.000010 0.966825 0.012716
0.019591 0.000010 0.004210 0.976180 0.000010
0.027835 0.005209 0.000010 0.946978 0.019969
0.028088 0.035954 0.000010 0.923422 0.012526
0.000010 0.028850 0.000010 0.971120 0.000010
0.000010 0.037972 0.000010 0.961998 0.000010
0.071370 0.043064 0.008407 0.877149 0.000010
0.000010 0.014042 0.000010 0.976524 0.009414
0.000010 0.000010 0.011277 0.976028 0.012675
0.000010 0.000010 0.014634 0.985336 0.000010
0.000010 0.010709 0.002188 0.974081 0.013012
0.044804 0.000010 0.000010 0.944902 0.010273
0.000424 0.000010 0.019426 0.980130 0.000010
0.015736 0.016121 0.000014 0.968119 0.000010
0.014319 0.013391 0.010680 0.946230 0.015380
0.106134 0.011393 0.011316 0.871148 0.000010
0.000010 0.000010 0.023642 0.976328 0.000010
0.016414 0.000010 0.005211 0.964499 0.013866
0.022624 0.005063 0.012242 0.959015 0.001055
0.098971 0.018057 0.011637 0.871325 0.000010
0.000010 0.000010 0.013317 0.977220 0.009443
0.000010 0.017934 0.000010 0.963950 0.018096
0.008343 0.000010 0.014409 0.973831 0.003407
0.006587 0.017205 0.001997 0.972054 0.002156
0.000010 0.000010 0.010394 0.982331 0.007255
0.030666 0.001923 0.004753 0.955482 0.007176
0.256186 0.046632 0.030525 0.603041 0.063615
0.000010 0.019136 0.009058 0.966463 0.005333
0.028143 0.000010 0.012540 0.959296 0.000010
0.015366 0.000010 0.012499 0.964058 0.008067
0.014800 0.033615 0.000010 0.951564 0.000010
0.166497 0.054229 0.025699 0.682317 0.071258
0.161835 0.043538 0.035336 0.691877 0.067414
0.018685 0.022199 0.000010 0.954643 0.004463
0.000010 0.000010 0.026529 0.970381 0.003070
0.016815 0.000083 0.015662 0.967431 0.000010
0.743197 0.002035 0.029715 0.213614 0.011438
0.777573 0.021613 0.022393 0.169879 0.008542
0.773060 0.044696 0.029969 0.152265 0.000010
0.748208 0.032231 0.000010 0.219541 0.000010
0.774307 0.033516 0.016406 0.171744 0.004027
0.738001 0.045598 0.033599 0.169511 0.013291
0.753343 0.025370 0.000010 0.195561 0.025716
0.701519 0.017945 0.007193 0.264395 0.008949
0.801904 0.000010 0.029666 0.160689 0.007731
0.742958 0.042595 0.008534 0.182721 0.023191
0.710285 0.034689 0.039236 0.215779 0.000010
0.730647 0.025504 0.018812 0.208443 0.016594
0.769851 0.053562 0.005670 0.170907 0.000010
0.719809 0.005833 0.030459 0.233056 0.010842
0.757254 0.043994 0.008192 0.190550 0.000010
0.733995 0.014050 0.013853 0.210772 0.027330
0.794556 0.032252 0.006023 0.138305 0.028862
0.802515 0.017178 0.028023 0.152238 0.000046
0.596672 0.162058 0.035142 0.150833 0.055295
0.605245 0.068498 0.006613 0.315574 0.004070
0.773686 0.000010 0.018283 0.179498 0.028522
0.759226 0.054377 0.000010 0.186376 0.000010
0.684159 0.038288 0.001938 0.273955 0.001659
0.757071 0.009632 0.022752 0.196671 0.013874
0.779686 0.031342 0.014603 0.166585 0.007784
0.751484 0.007966 0.017723 0.216117 0.006709
0.782753 0.009579 0.021367 0.180496 0.005806
0.085550 0.041554 0.013010 0.792148 0.067737
0.768257 0.003128 0.023449 0.194704 0.010462
0.088403 0.056882 0.007882 0.797146 0.049687
0.664466 0.222044 0.069977 0.025163 0.018351
0.621804 0.255241 0.030868 0.044359 0.047728
0.666897 0.282928 0.019643 0.013008 0.017524
0.625988 0.253592 0.032810 0.058776 0.028834
0.650344 0.211601 0.039664 0.055247 0.043145
0.643731 0.275983 0.027097 0.036651 0.016539
0.630984 0.244055 0.021570 0.059941 0.043449
0.601224 0.266736 0.032394 0.081279 0.018367
0.635353 0.228493 0.041571 0.053820 0.040763
0.655022 0.229834 0.019892 0.049548 0.045704
0.581877 0.248226 0.023687 0.106759 0.039452
0.620759 0.229805 0.031406 0.086191 0.031840
0.653299 0.238464 0.018724 0.059682 0.029831
0.681478 0.215829 0.011055 0.043666 0.047972
0.573436 0.261581 0.040915 0.086853 0.037214
0.652753 0.248073 0.000010 0.062909 0.036254
0.623657 0.223565 0.033601 0.083648 0.035528
0.654510 0.227410 0.033072 0.051488 0.033520
0.653190 0.250682 0.021377 0.035776 0.038975
0.616534 0.239473 0.059037 0.060996 0.023960
0.667926 0.236569 0.016887 0.029283 0.049335
0.668830 0.218346 0.038875 0.024084 0.049864
0.586722 0.217927 0.051095 0.113673 0.030583
0.650375 0.226392 0.041417 0.042448 0.039368
0.614956 0.243316 0.030589 0.064083 0.047056
0.628951 0.266210 0.011726 0.052144 0.040969
0.674301 0.243955 0.017721 0.030548 0.033475
0.626628 0.258380 0.006789 0.060391 0.047811
0.648209 0.253627 0.000010 0.061680 0.036474
0.651249 0.250474 0.017002 0.024427 0.056849
0.670485 0.192815 0.032466 0.063909 0.040324
0.637105 0.243289 0.040677 0.048552 0.030377
0.175658 0.019743 0.026648 0.688611 0.089341
0.184889 0.060775 0.038045 0.674080 0.042211
0.154455 0.006390 0.026964 0.725451 0.086740
0.047649 0.041520 0.023241 0.823039 0.064551
0.130161 0.039198 0.024268 0.761855 0.044518
0.140921 0.024148 0.043240 0.704629 0.087062
0.142548 0.030885 0.014746 0.732290 0.079532
0.166242 0.050206 0.018171 0.725951 0.039430
0.175389 0.028004 0.016700 0.709032 0.070875
0.175111 0.031005 0.035029 0.702408 0.056447
0.088178 0.035086 0.032496 0.792713 0.051526
0.143042 0.049119 0.015121 0.739670 0.053049
0.154906 0.043555 0.018235 0.730922 0.052382
0.182889 0.018618 0.026079 0.717411 0.055003
0.137997 0.054387 0.000010 0.717644 0.089962
0.105068 0.067467 0.000010 0.753553 0.073902
0.162423 0.019886 0.034341 0.723716 0.059634
0.195118 0.022655 0.012693 0.691661 0.077873
0.132681 0.071411 0.010138 0.719870 0.065900
0.195615 0.043679 0.017676 0.682248 0.060782
0.172191 0.035093 0.018565 0.692214 0.081937
0.170972 0.015032 0.045237 0.728822 0.039937
0.133076 0.030490 0.022558 0.709927 0.103949
0.146008 0.075274 0.034602 0.728626 0.015491
0.160762 0.039682 0.003716 0.731441 0.064398
0.126765 0.060773 0.007186 0.750661 0.054616
0.187508 0.055437 0.000010 0.702043 0.055002
0.124029 0.043893 0.015711 0.734438 0.081928
0.149942 0.034359 0.024735 0.734428 0.056536
0.166113 0.039266 0.011336 0.717596 0.065689
0.145050 0.046459 0.026865 0.721130 0.060496
0.145344 0.039849 0.035284 0.761132 0.018391
0.123428 0.053092 0.011770 0.757024 0.054686
0.087978 0.056184 0.014052 0.810707 0.031079
0.053862 0.027488 0.010904 0.791977 0.115769
0.090457 0.046516 0.000010 0.787817 0.075200
0.099044 0.028374 0.023993 0.779223 0.069366
0.056498 0.053207 0.010636 0.820762 0.058898
0.084326 0.029707 0.014207 0.786576 0.085184
0.112610 0.040780 0.028631 0.759882 0.058097
0.104762 0.028976 0.025286 0.760255 0.080720
0.071369 0.053277 0.011110 0.813158 0.051086
0.097068 0.058368 0.015054 0.782795 0.046715
0.140239 0.034369 0.000205 0.754179 0.071008
0.116219 0.044887 0.024704 0.764630 0.049560
0.099506 0.030472 0.032468 0.793333 0.044220
0.108673 0.033875 0.047486 0.471666 0.338300
0.074006 0.046006 0.011554 0.818910 0.049525
0.164026 0.012614 0.017933 0.732125 0.073302
0.088821 0.034488 0.028093 0.780256 0.068341
0.081998 0.015676 0.029411 0.812010 0.060905
0.113331 0.000010 0.050032 0.750676 0.085950
0.064096 0.059297 0.008192 0.804655 0.063760
0.063121 0.052526 0.038396 0.807365 0.038592
0.009108 0.029113 0.021673 0.930510 0.009596
0.041456 0.032178 0.025121 0.901235 0.000010
0.000010 0.010467 0.021254 0.945818 0.022450
0.000010 0.031187 0.006481 0.954418 0.007905
0.020335 0.009692 0.025811 0.941046 0.003117
0.000010 0.028161 0.008035 0.960871 0.002923
0.000928 0.036467 0.001942 0.936188 0.024475
0.017955 0.009860 0.023260 0.936422 0.012503
0.005665 0.002140 0.022574 0.955705 0.013916
0.000010 0.043464 0.006202 0.950314 0.000010
0.004422 0.002947 0.034656 0.923490 0.034485
0.052977 0.000010 0.029449 0.914334 0.003230
0.000038 0.013973 0.025137 0.945558 0.015293
0.180086 0.000010 0.026541 0.771997 0.021366
0.017597 0.029715 0.022536 0.919547 0.010605
0.034112 0.020029 0.012135 0.908517 0.025208
0.020147 0.008224 0.007064 0.957305 0.007260
0.029877 0.014650 0.012278 0.915984 0.027212
0.385641 0.053236 0.000010 0.547402 0.013712
0.000010 0.022054 0.008595 0.958843 0.010499
0.080163 0.000010 0.018948 0.886043 0.014837
0.011451 0.010289 0.028954 0.949296 0.000010
0.019534 0.037081 0.000010 0.907521 0.035853
0.020599 0.024460 0.014098 0.933291 0.007552
0.029769 0.020147 0.014000 0.929051 0.007033
0.030848 0.035098 0.000010 0.929061 0.004984
0.439580 0.408981 0.020347 0.082565 0.048527
0.440444 0.363884 0.028282 0.127499 0.039892
0.456220 0.385889 0.000010 0.094467 0.063414
0.403660 0.425875 0.012929 0.111265 0.046272
0.400263 0.441864 0.001690 0.107255 0.048929
0.396454 0.443476 0.001977 0.129344 0.028750
0.541435 0.290631 0.027231 0.074576 0.066127
0.403401 0.427422 0.047020 0.095202 0.026955
0.437114 0.429693 0.000010 0.081173 0.052010
0.432184 0.410914 0.002848 0.105072 0.048982
0.403537 0.418218 0.043701 0.118840 0.015704
0.394238 0.441003 0.000010 0.108889 0.055860
0.448443 0.415324 0.004505 0.085070 0.046658
0.504318 0.359465 0.000010 0.081409 0.054799
0.446754 0.383999 0.000010 0.111573 0.057664
0.457253 0.403012 0.008211 0.065677 0.065847
0.422389 0.429765 0.005442 0.096920 0.045483
0.613468 0.191250 0.034442 0.121270 0.039570
0.468139 0.426046 0.000010 0.065544 0.040261
0.588286 0.251339 0.017740 0.111710 0.030925
0.459200 0.410261 0.005222 0.081758 0.043559
0.408194 0.407289 0.032087 0.130820 0.021610
0.386221 0.478647 0.003476 0.104753 0.026903
0.368891 0.453799 0.000010 0.136290 0.041009
0.551508 0.331991 0.010306 0.084394 0.021802
0.144104 0.108549 0.013429 0.385699 0.348218
0.139223 0.092593 0.001813 0.309133 0.457238
0.137615 0.074635 0.016219 0.365481 0.406051
0.178547 0.065134 0.042917 0.346450 0.366952
0.156486 0.084004 0.024932 0.406768 0.327810
0.128942 0.089646 0.004363 0.389840 0.387209
0.139940 0.084959 0.021749 0.341045 0.412307
0.158085 0.091241 0.022551 0.372225 0.355898
0.362318 0.091885 0.021499 0.296854 0.227445
0.322028 0.110024 0.030536 0.291555 0.245857
0.166174 0.064650 0.011880 0.344783 0.412513
0.125865 0.111332 0.000010 0.455268 0.307525
0.124960 0.088004 0.014578 0.419042 0.353416
0.124550 0.097346 0.026725 0.344437 0.406942
0.296377 0.076129 0.024889 0.290608 0.311996
0.162071 0.077515 0.002754 0.329601 0.428059
0.163680 0.053249 0.066833 0.318036 0.398201
0.136577 0.075532 0.014486 0.358119 0.415286
0.157776 0.073223 0.027949 0.366266 0.374786
0.165110 0.074784 0.016229 0.378362 0.365515
0.182310 0.077026 0.000010 0.364422 0.376232
0.127435 0.058932 0.017529 0.360323 0.435780
0.159147 0.051455 0.020329 0.377177 0.391893
0.126492 0.029285 0.045563 0.366010 0.432651
0.144499 0.065266 0.033862 0.381323 0.375050
0.114120 0.077776 0.020109 0.390106 0.397889
0.140125 0.062393 0.026644 0.383010 0.387828
0.145333 0.070284 0.006683 0.325280 0.452420
0.149903 0.087054 0.010832 0.365387 0.386824
0.178156 0.033784 0.041397 0.354312 0.392352
0.129843 0.075514 0.041794 0.318294 0.434554
0.136884 0.076202 0.014535 0.362811 0.409568
0.156747 0.084592 0.024472 0.378777 0.355412
0.148409 0.097839 0.025823 0.358319 0.369610
0.325164 0.170178 0.025242 0.234933 0.244483
0.129374 0.078018 0.020945 0.415293 0.356371
0.142575 0.061768 0.041272 0.356577 0.397808
0.181479 0.072180 0.050181 0.349177 0.346983
0.102322 0.104952 0.016770 0.140707 0.635249
0.472083 0.155105 0.011064 0.231809 0.129938
0.514797 0.142173 0.045699 0.165459 0.131871
0.553388 0.138551 0.026869 0.174498 0.106694
0.499258 0.170890 0.014819 0.218372 0.096661
0.505367 0.145611 0.015654 0.196638 0.136730
0.500716 0.180017 0.016879 0.178727 0.123660
0.505037 0.133198 0.048116 0.209967 0.103682
0.454596 0.172313 0.042140 0.200005 0.130946
0.498108 0.168699 0.046811 0.147395 0.138987
0.499361 0.125362 0.046588 0.234539 0.094150
0.527428 0.162430 0.027356 0.150310 0.132477
0.510952 0.158644 0.057499 0.166219 0.106686
0.500806 0.107183 0.061441 0.166853 0.163717
0.510568 0.142680 0.038584 0.206805 0.101364
0.484109 0.151034 0.016385 0.198851 0.149620
0.509578 0.139487 0.032868 0.195034 0.123033
0.588184 0.104345 0.020610 0.209935 0.076926
0.494369 0.168243 0.046426 0.166363 0.124599
0.530698 0.154012 0.023588 0.181210 0.110492
0.000010 0.074891 0.858761 0.000010 0.066328
0.384674 0.041889 0.437035 0.075507 0.060895
0.054464 0.062131 0.831009 0.002721 0.049675
0.002489 0.273633 0.448632 0.000010 0.275236
0.000010 0.145563 0.589942 0.000010 0.264475
0.465690 0.161354 0.253035 0.053613 0.066308
0.000010 0.000010 0.999960 0.000010 0.000010
0.000010 0.000010 0.999960 0.000010 0.000010
0.000010 0.000010 0.999960 0.000010 0.000010
0.051620 0.019427 0.924140 0.004804 0.000010
0.399082 0.140195 0.251082 0.022738 0.186903
0.000010 0.000013 0.962237 0.000010 0.037730
0.000010 0.000010 0.999960 0.000010 0.000010
0.011046 0.104706 0.820547 0.000010 0.063691
0.034751 0.197617 0.678137 0.000010 0.089485
0.000010 0.000010 0.999960 0.000010 0.000010
0.450815 0.089937 0.312362 0.048115 0.098771
0.025641 0.000010 0.974329 0.000010 0.000010
0.000010 0.000010 0.999960 0.000010 0.000010
0.000010 0.000010 0.999960 0.000010 0.000010
0.060345 0.000010 0.922697 0.016938 0.000010
0.000010 0.069823 0.687538 0.000010 0.242619
0.000010 0.000010 0.999960 0.000010 0.000010
0.000010 0.000010 0.999960 0.000010 0.000010
0.019361 0.000010 0.980609 0.000010 0.000010
0.003301 0.088721 0.789466 0.000010 0.118501
0.000010 0.000010 0.999960 0.000010 0.000010
0.310695 0.000010 0.596835 0.092450 0.000010
0.000010 0.000010 0.999960 0.000010 0.000010
0.000010 0.172433 0.703283 0.000010 0.124264
0.000010 0.000010 0.999960 0.000010 0.000010
0.050638 0.089789 0.068516 0.140348 0.650709
0.085153 0.069855 0.025822 0.169669 0.649502
0.094237 0.086300 0.027367 0.147815 0.644281
0.117851 0.072179 0.037538 0.194477 0.577955
0.095689 0.069511 0.056563 0.134704 0.643532
0.092911 0.086989 0.035630 0.193107 0.591363
0.092237 0.062520 0.049633 0.151257 0.644351
0.176592 0.084049 0.054381 0.149184 0.535794
0.097575 0.045446 0.047824 0.202806 0.606349
0.184937 0.067106 0.039371 0.188539 0.520047
0.124916 0.067945 0.038562 0.128422 0.640155
0.089562 0.087505 0.039660 0.165050 0.618224
0.096129 0.082458 0.051718 0.137155 0.632540
0.069778 0.067663 0.054249 0.122265 0.686045
0.050166 0.093106 0.034091 0.154871 0.667766
0.106973 0.081769 0.030193 0.139617 0.641449
0.091637 0.052813 0.053617 0.186882 0.615050
0.097117 0.072065 0.050491 0.138910 0.641417
0.782179 0.039010 0.023019 0.144793 0.010999
0.768603 0.044793 0.031393 0.133648 0.021564
0.000010 0.703189 0.125679 0.000010 0.171112
0.000010 0.999960 0.000010 0.000010 0.000010
0.000010 0.774061 0.132549 0.000010 0.093370
0.000010 0.999960 0.000010 0.000010 0.000010
0.106851 0.087485 0.029558 0.209497 0.566609
0.098757 0.061760 0.039045 0.192608 0.607830
0.083126 0.070577 0.037469 0.154220 0.654608
0.085816 0.095122 0.060256 0.111683 0.647123
0.000010 0.798784 0.138147 0.000010 0.063048
0.074205 0.763897 0.113566 0.004508 0.043824
0.054263 0.082048 0.174785 0.026105 0.662799
0.049374 0.148238 0.100144 0.083023 0.619222
0.015061 0.102763 0.117207 0.045895 0.719073
0.008370 0.082124 0.149462 0.036042 0.724002
0.017293 0.082293 0.121181 0.046904 0.732328
0.059559 0.107863 0.144883 0.020199 0.667496
0.000010 0.093522 0.152181 0.050039 0.704249
0.000010 0.107329 0.172340 0.010472 0.709849
0.026388 0.077928 0.166084 0.007513 0.722087
0.033187 0.103895 0.161442 0.005806 0.695669
0.006466 0.120512 0.133235 0.050660 0.689127
0.000010 0.084139 0.192636 0.041961 0.681254
0.000763 0.124172 0.124740 0.025785 0.724540
0.019711 0.101378 0.144734 0.028756 0.705421
0.031347 0.095069 0.115022 0.029915 0.728647
0.004513 0.079762 0.162842 0.050028 0.702854
0.010761 0.103390 0.139983 0.022447 0.723421
0.025617 0.113905 0.150234 0.014714 0.695529
0.308719 0.116724 0.108131 0.097837 0.368588
0.018981 0.115094 0.147218 0.063584 0.655124
0.000010 0.124074 0.144904 0.048955 0.682058
0.005708 0.099133 0.153520 0.037172 0.704467
0.004172 0.096845 0.141277 0.038563 0.719143
0.036919 0.069945 0.193834 0.030244 0.669058
0.015533 0.099967 0.164804 0.033148 0.686548
0.002001 0.062679 0.119142 0.038856 0.777323
0.027896 0.099753 0.128313 0.033979 0.710059
0.010878 0.099608 0.148240 0.050126 0.691148
0.004498 0.119451 0.171755 0.013002 0.691294
0.018645 0.080276 0.189302 0.023530 0.688246
0.027600 0.125336 0.189581 0.022680 0.634803
0.013073 0.087751 0.168442 0.023095 0.707639
0.027928 0.064916 0.151937 0.022438 0.732781
0.007308 0.969977 0.009771 0.012935 0.000010
0.000010 0.945161 0.042384 0.000010 0.012435
0.000010 0.999960 0.000010 0.000010 0.000010
0.000010 0.987782 0.012188 0.000010 0.000010
0.000010 0.999960 0.000010 0.000010 0.000010
0.000010 0.774473 0.124622 0.000010 0.100885
0.027617 0.897883 0.036796 0.000010 0.037694
0.042938 0.820125 0.087040 0.008781 0.041116
0.004805 0.995165 0.000010 0.000010 0.000010
0.000010 0.999960 0.000010 0.000010 0.000010
0.092184 0.816046 0.052502 0.000010 0.039258
0.000010 0.999960 0.000010 0.000010 0.000010
0.027944 0.888004 0.073399 0.000010 0.010644
0.077293 0.825442 0.048456 0.000010 0.048798
0.041449 0.668393 0.182334 0.000010 0.107814
0.000010 0.957750 0.042220 0.000010 0.000010
0.000010 0.999960 0.000010 0.000010 0.000010
0.000010 0.968731 0.031239 0.000010 0.000010
0.027015 0.905736 0.059540 0.000010 0.007698
0.065619 0.883734 0.042328 0.000010 0.008309
0.294303 0.611641 0.006997 0.070430 0.016628
0.269113 0.671001 0.008984 0.033908 0.016995
0.000010 0.935955 0.047771 0.016254 0.000010
0.000010 0.090064 0.128105 0.035380 0.746441
0.000010 0.109669 0.142389 0.054508 0.693424
0.040240 0.101912 0.142062 0.032975 0.682811
0.004625 0.109661 0.147941 0.040839 0.696935
0.044322 0.082180 0.133575 0.063300 0.676622
0.039741 0.108328 0.144652 0.036799 0.670480
0.008592 0.086010 0.158846 0.033767 0.712784
0.000010 0.129825 0.106855 0.036497 0.726813
0.060464 0.118047 0.132195 0.034514 0.654780
0.025901 0.098130 0.145949 0.050035 0.679986
0.000010 0.083621 0.149117 0.032384 0.734869
0.012159 0.053727 0.046801 0.020586 0.866727
0.179932 0.054603 0.053353 0.060767 0.651345
0.034326 0.039120 0.025130 0.030353 0.871070
0.047574 0.041113 0.041458 0.000010 0.869845
0.000010 0.082608 0.018574 0.040044 0.858763
0.030144 0.080639 0.045977 0.014673 0.828568
0.094631 0.058688 0.015819 0.079972 0.750890
0.025617 0.044741 0.061276 0.016196 0.852170
0.017095 0.065822 0.036308 0.015564 0.865212
0.000010 0.062206 0.041170 0.031172 0.865441
0.054110 0.056619 0.040072 0.000010 0.849188
0.013747 0.039800 0.022544 0.055099 0.868810
0.425937 0.042003 0.004192 0.087211 0.440658
0.021836 0.019001 0.024595 0.032705 0.901862
0.003499 0.063283 0.075833 0.021007 0.836377
0.028212 0.044473 0.058773 0.030324 0.838217
0.261881 0.081439 0.022176 0.064731 0.569773
0.070450 0.044861 0.027598 0.148916 0.708175
0.042562 0.041143 0.033301 0.031435 0.851558
0.015395 0.030761 0.067874 0.029159 0.856810
0.012105 0.053596 0.084025 0.023987 0.826287
0.000010 0.021127 0.040016 0.035681 0.903166
0.017981 0.086937 0.035780 0.018058 0.841244
0.342868 0.145500 0.084242 0.062483 0.364906
0.016635 0.071686 0.047126 0.016377 0.848177
0.029673 0.047262 0.031771 0.009775 0.881519
0.038165 0.040542 0.046562 0.002309 0.872423
0.001024 0.068697 0.006494 0.043479 0.880307
0.018517 0.047269 0.041016 0.020667 0.872530
0.012611 0.058390 0.041972 0.050177 0.836851
0.000010 0.051867 0.052498 0.028811 0.866815
0.024690 0.039499 0.048457 0.034675 0.852679
0.004759 0.072981 0.024938 0.019733 0.877590
0.046894 0.036886 0.038903 0.013116 0.864200
0.036867 0.043238 0.039414 0.017974 0.862506
0.176494 0.074145 0.039826 0.062047 0.647488
0.025638 0.058840 0.044156 0.011949 0.859417
0.103593 0.036277 0.030206 0.025792 0.804132
0.023199 0.057535 0.085998 0.038284 0.794985
0.014423 0.043187 0.034331 0.050248 0.857811
0.035492 0.014051 0.019765 0.023800 0.906892
0.018956 0.059602 0.008704 0.024696 0.888042
0.035952 0.044489 0.039183 0.022319 0.858058
0.049799 0.058296 0.048162 0.000010 0.843733
0.000010 0.000010 0.000010 0.000010 0.999960
0.000010 0.000010 0.000010 0.000010 0.999960
0.000010 0.000010 0.000010 0.000010 0.999960
0.000010 0.000010 0.000010 0.000010 0.999960
0.000010 0.000010 0.000010 0.000010 0.999960
0.000010 0.000010 0.000010 0.000010 0.999960
0.000010 0.000010 0.000010 0.000010 0.999960
0.000010 0.000010 0.000010 0.000010 0.999960
0.000010 0.000010 0.000010 0.000010 0.999960
0.000010 0.000010 0.000010 0.000010 0.999960
0.000010 0.000010 0.000010 0.000010 0.999960
0.000010 0.000010 0.000010 0.000010 0.999960
0.000010 0.000010 0.000010 0.012214 0.987756
0.129426 0.063713 0.063521 0.181419 0.561921
0.151200 0.071089 0.040929 0.168203 0.568580
0.116149 0.047331 0.036630 0.175603 0.624287
0.130829 0.060897 0.052703 0.194211 0.561362
0.130086 0.082509 0.037850 0.208915 0.540641
0.135415 0.094472 0.029194 0.183528 0.557391
0.107096 0.066724 0.046890 0.165871 0.613420
0.163604 0.059258 0.042711 0.145039 0.589388
0.150505 0.068833 0.006924 0.154892 0.618846
0.102917 0.094496 0.017086 0.176115 0.609385
0.098902 0.071481 0.013914 0.193974 0.621729
0.172416 0.106005 0.000706 0.281525 0.439348
0.168106 0.056061 0.050538 0.165878 0.559417
0.145171 0.080230 0.044644 0.163245 0.566709
0.165092 0.036032 0.055930 0.144907 0.598039
0.080245 0.056140 0.046307 0.169052 0.648256
0.141067 0.101521 0.034210 0.181763 0.541440
0.136162 0.083081 0.019130 0.174712 0.586915
0.123065 0.127313 0.022418 0.184128 0.543077
0.169788 0.057435 0.050684 0.234014 0.488080
0.148346 0.076992 0.031367 0.199809 0.543486
0.125051 0.054160 0.052997 0.201214 0.566577
0.167222 0.063514 0.043645 0.173942 0.551676
0.139809 0.038961 0.068003 0.144589 0.608639
0.125344 0.107158 0.031676 0.183767 0.552054
0.146139 0.086539 0.013566 0.170213 0.583543
0.143804 0.073960 0.030040 0.170874 0.581323
0.116735 0.105126 0.031281 0.161317 0.585542
0.175548 0.088888 0.038910 0.165009 0.531645
0.129260 0.069581 0.041340 0.168669 0.591151
0.154875 0.086002 0.066095 0.196369 0.496659
0.112964 0.026356 0.045371 0.158818 0.656491
0.130071 0.061184 0.031581 0.183408 0.593756
0.490475 0.067869 0.023483 0.107159 0.311014
0.138035 0.079260 0.046874 0.168074 0.567757
0.143990 0.055689 0.042332 0.177948 0.580041
0.156416 0.090198 0.026395 0.162658 0.564332
0.143835 0.069440 0.020567 0.191587 0.574570
0.131960 0.060381 0.037603 0.191777 0.578279
0.112817 0.092336 0.024241 0.188800 0.581805
0.056471 0.065927 0.050310 0.148751 0.678542
0.124042 0.073720 0.040687 0.181016 0.580535
0.142357 0.062972 0.043378 0.177023 0.574269
0.125797 0.078854 0.054487 0.211156 0.529706
0.150425 0.061361 0.052001 0.182731 0.553482
0.119645 0.071822 0.046724 0.132872 0.628937
0.109588 0.074838 0.015394 0.132681 0.667499
0.090059 0.116188 0.023709 0.164113 0.605931
0.137846 0.056706 0.050522 0.130520 0.624406
0.785731 0.012247 0.025349 0.134570 0.042103
0.773190 0.049835 0.031313 0.145652 0.000010
0.738419 0.076709 0.044285 0.114466 0.026122
0.772579 0.022674 0.003856 0.185650 0.015241
0.777366 0.040656 0.012817 0.150780 0.018382
0.723534 0.130007 0.006073 0.097886 0.042501
0.234488 0.200487 0.036795 0.194964 0.333265
0.678179 0.122993 0.043379 0.122620 0.032829
0.776933 0.054789 0.013608 0.131092 0.023578
0.760612 0.098881 0.008438 0.132059 0.000010
0.735645 0.064543 0.025119 0.124915 0.049778
0.812177 0.046531 0.007678 0.115484 0.018130
0.235695 0.255936 0.058226 0.182334 0.267808
0.769627 0.089845 0.005559 0.115290 0.019679
0.713319 0.117247 0.015567 0.108549 0.045317
0.701007 0.131036 0.018769 0.115144 0.034044
0.721204 0.035414 0.003468 0.239903 0.000010
0.766585 0.050139 0.022727 0.145578 0.014970
0.750222 0.102248 0.006707 0.107438 0.033386
0.785863 0.042492 0.042637 0.099043 0.029965
0.574146 0.026377 0.019881 0.306531 0.073065
0.737162 0.044807 0.005057 0.180453 0.032521
0.724860 0.066945 0.024082 0.155549 0.028564
0.521120 0.184579 0.057790 0.109073 0.127439
0.738915 0.104797 0.036372 0.093241 0.026674
0.745953 0.083798 0.025317 0.132887 0.012046
0.853467 0.025043 0.029998 0.091481 0.000010
0.498930 0.215984 0.048494 0.099506 0.137086
0.817627 0.014172 0.002973 0.141729 0.023498
0.760660 0.062237 0.005512 0.133024 0.038566
0.736191 0.105484 0.028544 0.114271 0.015510
0.767477 0.052680 0.032647 0.137397 0.009800
0.751295 0.060603 0.026055 0.106861 0.055186
0.736180 0.140694 0.029819 0.062709 0.030597
0.526711 0.210067 0.052263 0.110853 0.100106
0.719351 0.138657 0.035075 0.080058 0.026859
0.665055 0.079200 0.017585 0.171460 0.066700
0.754769 0.052448 0.023491 0.139350 0.029943
0.752712 0.123901 0.014202 0.082420 0.026766
0.737308 0.085101 0.051085 0.099260 0.027246
0.745783 0.102173 0.024083 0.086329 0.041633
0.748094 0.123787 0.022518 0.058016 0.047586
0.765270 0.147736 0.005817 0.059110 0.022067
0.739810 0.105274 0.025403 0.083024 0.046489
0.739295 0.103151 0.022106 0.081626 0.053822
0.725646 0.110394 0.039310 0.089715 0.034936
0.792209 0.099732 0.006679 0.099433 0.001948
0.774451 0.097853 0.010346 0.088488 0.028861
0.745327 0.100051 0.015845 0.119117 0.019659
0.740555 0.130019 0.006722 0.084877 0.037827
0.713401 0.123184 0.030407 0.085816 0.047193
0.667399 0.156307 0.027089 0.104318 0.044886
0.565361 0.056833 0.029134 0.227596 0.121076
0.766621 0.062568 0.014663 0.136878 0.019270
0.773896 0.109052 0.039923 0.045785 0.031345
0.683787 0.109602 0.025479 0.122084 0.059047
0.734333 0.080029 0.018015 0.140880 0.026744
0.807559 0.067376 0.008297 0.088711 0.028057
0.643967 0.057011 0.011293 0.252565 0.035164
0.762181 0.065817 0.042354 0.106638 0.023011
0.742290 0.111970 0.040933 0.084719 0.020088
0.717630 0.118505 0.054404 0.109451 0.000010
0.709522 0.143684 0.025981 0.087256 0.033557
0.772858 0.150575 0.014051 0.045697 0.016819
0.751586 0.109239 0.016130 0.078391 0.044655
0.739691 0.072622 0.032400 0.126381 0.028906
0.729369 0.109216 0.044277 0.110338 0.006799
0.807451 0.053880 0.008071 0.112536 0.018062
0.760759 0.075297 0.036593 0.095206 0.032145
0.716329 0.117923 0.033297 0.113927 0.018525
0.739746 0.104151 0.030651 0.108425 0.017027
0.781129 0.084935 0.020625 0.085010 0.028301
0.757889 0.104989 0.012954 0.086050 0.038118
0.720983 0.149121 0.006160 0.087130 0.036606
0.767378 0.121356 0.012560 0.064998 0.033708
0.735946 0.119066 0.041599 0.080581 0.022807
0.727569 0.057305 0.044582 0.119338 0.051206
0.015335 0.004121 0.153305 0.000010 0.827230
0.000010 0.000010 0.138594 0.000010 0.861376
0.000010 0.053471 0.112625 0.000930 0.832963
0.000010 0.026806 0.135528 0.000010 0.837647
0.000010 0.028767 0.118598 0.000010 0.852614
0.000010 0.000010 0.128367 0.000010 0.871603
0.000010 0.008006 0.148813 0.000010 0.843161
0.000010 0.000010 0.152081 0.000010 0.847889
0.017641 0.037073 0.123529 0.000010 0.821747
0.010068 0.009847 0.139160 0.000010 0.840916
0.000010 0.000010 0.149357 0.000010 0.850613
0.102377 0.051952 0.106712 0.000010 0.738949
0.072589 0.000010 0.125984 0.046762 0.754655
0.000010 0.000010 0.146110 0.000010 0.853860
0.000010 0.000010 0.119576 0.000010 0.880394
0.000010 0.000010 0.119329 0.000010 0.880641
0.000010 0.000010 0.127362 0.000010 0.872608
0.000010 0.000010 0.095977 0.000010 0.903993
0.000010 0.041888 0.109393 0.000010 0.848699
0.001981 0.006091 0.129615 0.000010 0.862304
0.050951 0.010863 0.127569 0.028354 0.782262
0.003274 0.000010 0.154647 0.000010 0.842060
0.000010 0.000010 0.126071 0.000010 0.873899
0.000010 0.000010 0.140230 0.000010 0.859740
0.044997 0.020234 0.137520 0.020889 0.776360
0.033155 0.024145 0.150765 0.035053 0.756882
0.054270 0.014596 0.164276 0.000010 0.766847
0.006924 0.000010 0.127628 0.000010 0.865428
0.000010 0.000010 0.143321 0.000010 0.856649
0.000010 0.000010 0.115705 0.000010 0.884265
0.031739 0.013633 0.130574 0.000010 0.824044
0.033512 0.073710 0.111553 0.019587 0.761637
0.000010 0.000010 0.132624 0.000010 0.867346
0.000010 0.000010 0.081534 0.000010 0.918436
0.000013 0.002480 0.138103 0.000010 0.859393
