0.042084 0.093844 0.072493 0.791578
0.046153 0.009899 0.196036 0.747912
0.016321 0.087250 0.109667 0.786762
0.044083 0.094758 0.076804 0.784355
0.006805 0.124677 0.113590 0.754928
0.037757 0.098339 0.068518 0.795386
0.035738 0.083298 0.089264 0.791700
0.025579 0.034177 0.171535 0.768709
0.014153 0.061998 0.147438 0.776411
0.041869 0.093413 0.081599 0.783120
0.052450 0.101892 0.081184 0.764475
0.037470 0.107649 0.065693 0.789188
0.039133 0.079908 0.089169 0.791790
0.035529 0.075536 0.091026 0.797908
0.004528 0.113980 0.092243 0.789249
0.051692 0.098346 0.049590 0.800372
0.019325 0.114597 0.111732 0.754346
0.046391 0.080692 0.078451 0.794466
0.023114 0.078861 0.115394 0.782631
0.041565 0.084166 0.096120 0.778149
0.046917 0.071192 0.104104 0.777786
0.018206 0.100870 0.121697 0.759227
0.051373 0.068852 0.150365 0.729410
0.000010 0.096274 0.150492 0.753224
0.045495 0.075896 0.077369 0.801240
0.025616 0.094281 0.095429 0.784674
0.024903 0.000010 0.384939 0.590148
0.029125 0.005138 0.402792 0.562945
0.006827 0.009422 0.378401 0.605350
0.025729 0.000010 0.354835 0.619426
0.016608 0.011014 0.418604 0.553775
0.009897 0.004702 0.427105 0.558297
0.000010 0.031834 0.390826 0.577330
0.039043 0.000010 0.364692 0.596256
0.014549 0.000010 0.414470 0.570971
0.028914 0.005395 0.383184 0.582508
0.025183 0.001507 0.400452 0.572858
0.012254 0.017488 0.345270 0.624988
0.026017 0.000010 0.420938 0.553035
0.020761 0.000359 0.354899 0.623981
0.008641 0.009710 0.378621 0.603028
0.038411 0.000010 0.366484 0.595095
0.017297 0.017339 0.401770 0.563594
0.020817 0.000010 0.389772 0.589400
0.020829 0.019382 0.363410 0.596379
0.027000 0.001235 0.386418 0.585347
0.010557 0.006133 0.384666 0.598643
0.012498 0.000010 0.373082 0.614410
0.016489 0.000010 0.478923 0.504578
0.013602 0.010413 0.402454 0.573531
0.017876 0.022740 0.359957 0.599427
0.017319 0.000010 0.408505 0.574166
0.051914 0.000010 0.418805 0.529271
0.015031 0.009758 0.392374 0.582836
0.027095 0.000010 0.355752 0.617143
0.021131 0.000010 0.367115 0.611744
0.018891 0.009883 0.326408 0.644818
0.028769 0.001737 0.369302 0.600192
0.130187 0.114830 0.191660 0.563323
0.153091 0.111465 0.211632 0.523813
0.116235 0.140586 0.232454 0.510725
0.140118 0.082236 0.232240 0.545406
0.152410 0.111409 0.208421 0.527760
0.118913 0.090079 0.255112 0.535896
0.106809 0.154110 0.240416 0.498665
0.149350 0.088169 0.286264 0.476217
0.003436 0.015935 0.980618 0.000010
0.097299 0.102400 0.251061 0.549241
0.155122 0.155872 0.212014 0.476992
0.095561 0.061558 0.476313 0.366568
0.076668 0.043628 0.248251 0.631453
0.122296 0.089444 0.257234 0.531026
0.119985 0.063393 0.222253 0.594370
0.299995 0.198716 0.165106 0.336182
0.309271 0.202550 0.185645 0.302533
0.289000 0.214952 0.180326 0.315722
0.276721 0.210340 0.179400 0.333538
0.281519 0.213168 0.182397 0.322916
0.252472 0.226752 0.180443 0.340334
0.344709 0.189738 0.161971 0.303582
0.284283 0.167338 0.174565 0.373814
0.249363 0.227623 0.171815 0.351199
0.283074 0.186904 0.183843 0.346179
0.283533 0.219812 0.176889 0.319767
0.283900 0.208833 0.139797 0.367470
0.325946 0.218441 0.166577 0.289036
0.281050 0.217356 0.213664 0.287930
0.293580 0.212673 0.201588 0.292160
0.290819 0.202271 0.211468 0.295441
0.212676 0.159624 0.211429 0.416272
0.266805 0.215812 0.190478 0.326905
0.236993 0.219417 0.173264 0.370326
0.305879 0.192919 0.188263 0.312939
0.307153 0.207507 0.164826 0.320514
0.321653 0.204016 0.197901 0.276431
0.284767 0.231449 0.133184 0.350599
0.249088 0.180330 0.190718 0.379864
0.309198 0.212481 0.173395 0.304926
0.337169 0.208984 0.164667 0.289180
0.292280 0.200394 0.177915 0.329411
0.199317 0.174493 0.160397 0.465794
0.266113 0.211668 0.163868 0.358351
0.272255 0.224641 0.178425 0.324680
0.338229 0.234783 0.153417 0.273571
0.300980 0.197037 0.163806 0.338177
0.310440 0.204875 0.150085 0.334600
0.317795 0.199968 0.153932 0.328304
0.041248 0.095022 0.196608 0.667121
0.046256 0.067125 0.205766 0.680853
0.041418 0.072034 0.234058 0.652490
0.056461 0.063833 0.187579 0.692127
0.064341 0.058626 0.207846 0.669187
0.032471 0.073528 0.211371 0.682630
0.048530 0.078279 0.214879 0.658312
0.054580 0.056709 0.218618 0.670093
0.062826 0.047227 0.220733 0.669215
0.038186 0.054140 0.232373 0.675300
0.046039 0.035676 0.195237 0.723048
0.037387 0.063163 0.179694 0.719756
0.038006 0.071546 0.212280 0.678169
0.046050 0.041800 0.518435 0.393715
0.037122 0.068484 0.205648 0.688746
0.040593 0.085444 0.184979 0.688984
0.073310 0.042564 0.212880 0.671247
0.046668 0.056397 0.196788 0.700147
0.036970 0.079953 0.199180 0.683898
0.025857 0.065024 0.203306 0.705813
0.059390 0.074097 0.177530 0.688982
0.074587 0.035162 0.209323 0.680928
0.036761 0.072619 0.185942 0.704678
0.038660 0.079525 0.223346 0.658469
0.063284 0.038416 0.204325 0.693975
0.053557 0.079243 0.188003 0.679197
0.032426 0.081430 0.204248 0.681896
0.046051 0.059201 0.201605 0.693142
0.030264 0.090104 0.224277 0.655355
0.043902 0.066167 0.222273 0.667658
0.036250 0.069497 0.219794 0.674459
0.033435 0.070445 0.186596 0.709524
0.035244 0.067873 0.212900 0.683984
0.097017 0.200399 0.184844 0.517740
0.109085 0.207918 0.154713 0.528284
0.150088 0.187585 0.173039 0.489287
0.100293 0.166537 0.170242 0.562928
0.108348 0.167360 0.170394 0.553897
0.105605 0.211150 0.176085 0.507161
0.113422 0.164037 0.181108 0.541433
0.118394 0.193650 0.155451 0.532505
0.126475 0.205836 0.182515 0.485174
0.104429 0.201957 0.156436 0.537178
0.141306 0.202050 0.128381 0.528263
0.027280 0.035203 0.205290 0.732227
0.125720 0.189904 0.167079 0.517296
0.109018 0.230687 0.134769 0.525526
0.129572 0.176664 0.153422 0.540342
0.098761 0.193550 0.172756 0.534933
0.123317 0.222425 0.138211 0.516047
0.133496 0.178885 0.172544 0.515076
0.107545 0.209011 0.151505 0.531939
0.112966 0.198457 0.148693 0.539884
0.130212 0.211944 0.134776 0.523068
0.124850 0.210578 0.172022 0.492550
0.108067 0.203299 0.193031 0.495603
0.119107 0.201354 0.158058 0.521482
0.106438 0.196650 0.178834 0.518077
0.115820 0.163997 0.163060 0.557124
0.129757 0.200151 0.162625 0.507468
0.126624 0.183680 0.185208 0.504488
0.000010 0.014055 0.289627 0.696308
0.017473 0.003725 0.222924 0.755878
0.008862 0.010979 0.182922 0.797237
0.007642 0.006073 0.244507 0.741779
0.011484 0.017519 0.204917 0.766080
0.000129 0.028018 0.190228 0.781625
0.005108 0.000010 0.205752 0.789129
0.009655 0.019728 0.212671 0.757946
0.008503 0.011728 0.225504 0.754265
0.026752 0.000010 0.232939 0.740299
0.008399 0.009884 0.332280 0.649437
0.000010 0.024697 0.223174 0.752119
0.000010 0.019894 0.208444 0.771651
0.003914 0.009794 0.238378 0.747914
0.000010 0.018506 0.248915 0.732569
0.000010 0.031351 0.192926 0.775713
0.012934 0.012055 0.232856 0.742155
0.000010 0.022526 0.211894 0.765570
0.003842 0.005187 0.196939 0.794032
0.000010 0.020690 0.226156 0.753144
0.008690 0.016566 0.222327 0.752417
0.024135 0.000010 0.202844 0.773011
0.005099 0.022710 0.195167 0.777024
0.015900 0.018087 0.250177 0.715836
0.034299 0.006870 0.386419 0.572413
0.004124 0.017809 0.219785 0.758281
0.005107 0.015704 0.249295 0.729893
0.011003 0.023346 0.211632 0.754019
0.009267 0.017694 0.253590 0.719449
0.017558 0.061830 0.762142 0.158469
0.012716 0.050201 0.748471 0.188612
0.027364 0.047880 0.753060 0.171696
0.032336 0.054138 0.747866 0.165661
0.031902 0.040874 0.765575 0.161650
0.006158 0.063027 0.760607 0.170207
0.038103 0.038634 0.735651 0.187612
0.039409 0.029301 0.768583 0.162707
0.014193 0.031265 0.769088 0.185454
0.036176 0.036019 0.741383 0.186422
0.024528 0.064478 0.767413 0.143581
0.031696 0.026608 0.762934 0.178762
0.007375 0.073004 0.777788 0.141834
0.024979 0.047490 0.769641 0.157890
0.021982 0.032344 0.746780 0.198894
0.015759 0.054797 0.750221 0.179223
0.009290 0.050860 0.699178 0.240672
0.010059 0.043395 0.782148 0.164398
0.015673 0.030822 0.838068 0.115436
0.026339 0.014295 0.850175 0.109191
0.048393 0.026527 0.780458 0.144622
0.011695 0.048799 0.860672 0.078834
0.025305 0.015076 0.871477 0.088143
0.035737 0.031572 0.829296 0.103394
0.047860 0.039157 0.786664 0.126319
0.009314 0.060235 0.835309 0.095141
0.032335 0.019588 0.859434 0.088643
0.012383 0.039358 0.852922 0.095337
0.037401 0.021042 0.821994 0.119563
0.069707 0.060333 0.495850 0.374110
0.014263 0.027758 0.857067 0.100912
0.038029 0.028003 0.814810 0.119157
0.070754 0.037605 0.770067 0.121574
0.037403 0.019174 0.840596 0.102826
0.036531 0.048083 0.833336 0.082050
0.035840 0.031781 0.774776 0.157603
0.024826 0.027951 0.844301 0.102922
0.025143 0.030086 0.844987 0.099785
0.011993 0.029804 0.853063 0.105140
0.019626 0.029600 0.847959 0.102815
0.026156 0.037560 0.853066 0.083218
0.047996 0.030524 0.793337 0.128142
0.032032 0.041685 0.852392 0.073890
0.036536 0.023749 0.843817 0.095898
0.026799 0.044628 0.851575 0.076998
0.043119 0.025633 0.818744 0.112504
0.032009 0.045824 0.821331 0.100836
0.022054 0.041600 0.824354 0.111992
0.018631 0.028134 0.825619 0.127616
0.077735 0.041027 0.715783 0.165455
0.057166 0.068210 0.735918 0.138706
0.088065 0.027194 0.726628 0.158113
0.064178 0.034810 0.774721 0.126291
0.092456 0.029306 0.704605 0.173633
0.070291 0.024465 0.729397 0.175846
0.059910 0.027429 0.758469 0.154191
0.035221 0.054167 0.736987 0.173626
0.071486 0.048736 0.698812 0.180966
0.057192 0.033868 0.775406 0.133534
0.061353 0.045090 0.750768 0.142789
0.074616 0.028302 0.770666 0.126417
0.053974 0.032828 0.730375 0.182824
0.072936 0.029621 0.730351 0.167092
0.063725 0.033481 0.755594 0.147201
0.069173 0.041681 0.789395 0.099751
0.082560 0.021280 0.752821 0.143339
0.073372 0.036656 0.766525 0.123448
0.088039 0.020230 0.744473 0.147258
0.070958 0.026124 0.710866 0.192051
0.086399 0.029186 0.708933 0.175482
0.058097 0.029765 0.765754 0.146384
0.078921 0.030398 0.736854 0.153827
0.056890 0.039490 0.766884 0.136735
0.049978 0.055833 0.712803 0.181385
0.064172 0.033568 0.766421 0.135839
0.063039 0.032596 0.779726 0.124639
0.093308 0.017192 0.724638 0.164862
0.043232 0.026052 0.743814 0.186903
0.052769 0.067957 0.748868 0.130406
0.104158 0.019680 0.727591 0.148571
0.060483 0.035046 0.783686 0.120785
0.098982 0.022313 0.702331 0.176374
0.044791 0.046741 0.766219 0.142249
0.054177 0.044144 0.770625 0.131053
0.014919 0.000010 0.977227 0.007843
0.000010 0.000010 0.988143 0.011837
0.017544 0.000010 0.958912 0.023534
0.017663 0.014117 0.934808 0.033411
0.000010 0.012554 0.982709 0.004727
0.004417 0.016247 0.971208 0.008127
0.000250 0.031260 0.892441 0.076049
0.012251 0.000010 0.987729 0.000010
0.013919 0.001636 0.984435 0.000010
0.000010 0.005508 0.994472 0.000010
0.014771 0.001211 0.984008 0.000010
0.004675 0.000010 0.958099 0.037217
0.000653 0.009622 0.989715 0.000010
0.000010 0.004223 0.980169 0.015597
0.017489 0.011171 0.957045 0.014295
0.000010 0.010295 0.890866 0.098830
0.000010 0.014687 0.985293 0.000010
0.012268 0.000010 0.976615 0.011107
0.002286 0.006788 0.971680 0.019246
0.000010 0.016504 0.890470 0.093016
0.013356 0.000010 0.986624 0.000010
0.023723 0.000026 0.976241 0.000010
0.005472 0.004155 0.986638 0.003734
0.003509 0.006467 0.983630 0.006393
0.009120 0.000010 0.990860 0.000010
0.005904 0.000010 0.968510 0.025576
0.065437 0.053341 0.633515 0.247706
0.006370 0.016041 0.977579 0.000010
0.000010 0.002631 0.975741 0.021618
0.009806 0.002421 0.976057 0.011716
0.003958 0.012066 0.962266 0.021709
0.074647 0.054598 0.704781 0.165974
0.070535 0.056020 0.714242 0.159203
0.008478 0.004420 0.965998 0.021104
0.004183 0.017250 0.978556 0.000010
0.000010 0.007584 0.980595 0.011811
0.007779 0.012767 0.287345 0.692109
0.006643 0.017960 0.245270 0.730127
0.000010 0.042568 0.227717 0.729705
0.000010 0.001917 0.291161 0.706912
0.002681 0.021537 0.247165 0.728617
0.013225 0.047204 0.240962 0.698609
0.023456 0.000010 0.268189 0.708345
0.006666 0.002317 0.333368 0.657649
0.006342 0.007199 0.239321 0.747138
0.022165 0.020792 0.254458 0.702586
0.000010 0.045267 0.286069 0.668654
0.015111 0.017925 0.279727 0.687237
0.000010 0.024540 0.243971 0.731478
0.005575 0.019015 0.305659 0.669752
0.000010 0.020232 0.263828 0.715930
0.025089 0.005969 0.282186 0.686757
0.026600 0.010290 0.215910 0.747199
0.000010 0.018808 0.228538 0.752644
0.062704 0.135946 0.205864 0.595486
0.006932 0.037033 0.374506 0.581530
0.024012 0.000010 0.255957 0.720021
0.001825 0.016341 0.258980 0.722855
0.001557 0.010597 0.341033 0.646813
0.010295 0.011569 0.271365 0.706771
0.005940 0.018059 0.241754 0.734247
0.004095 0.004128 0.289054 0.702724
0.003279 0.008186 0.257464 0.731072
0.071949 0.032302 0.807669 0.088080
0.007158 0.006681 0.270284 0.715876
0.054217 0.038615 0.812995 0.094173
0.030961 0.210659 0.084218 0.674161
0.063396 0.194578 0.096761 0.645265
0.034674 0.202492 0.068485 0.694350
0.042835 0.197450 0.113368 0.646347
0.054169 0.174346 0.112818 0.658667
0.032681 0.206163 0.091016 0.670140
0.057075 0.179699 0.114317 0.648910
0.033823 0.205996 0.133083 0.627098
0.054407 0.186820 0.109711 0.649061
0.057423 0.167526 0.106294 0.668757
0.054341 0.183067 0.156803 0.605789
0.045177 0.177968 0.140829 0.636027
0.043003 0.171820 0.116474 0.668703
0.061993 0.143599 0.101420 0.692988
0.053478 0.210439 0.136076 0.600007
0.058366 0.146670 0.117288 0.677676
0.048891 0.174879 0.137201 0.639030
0.047398 0.176342 0.108157 0.668102
0.054629 0.181094 0.091698 0.672579
0.037970 0.212881 0.115188 0.633961
0.062958 0.167699 0.086306 0.683038
0.061387 0.177895 0.082237 0.678481
0.043116 0.190254 0.165786 0.600844
0.052344 0.184846 0.099087 0.663723
0.060702 0.188392 0.117492 0.633414
0.057061 0.183062 0.105588 0.654288
0.048241 0.172129 0.087955 0.691675
0.063066 0.173676 0.113944 0.649314
0.053127 0.159961 0.115953 0.670959
0.072154 0.176625 0.079316 0.671905
0.051094 0.151577 0.123042 0.674287
0.045586 0.195201 0.102856 0.656357
0.090555 0.030501 0.712369 0.166575
0.046025 0.071113 0.698031 0.184831
0.088466 0.019619 0.747129 0.144786
0.068643 0.043408 0.835614 0.052335
0.047080 0.042748 0.781952 0.128220
0.088765 0.050975 0.725668 0.134593
0.081540 0.026931 0.752928 0.138601
0.042799 0.043346 0.748057 0.165798
0.072567 0.026373 0.732773 0.168287
0.056819 0.048859 0.727374 0.166948
0.054817 0.047543 0.809008 0.088632
0.056233 0.040452 0.760479 0.142836
0.056383 0.037533 0.751968 0.154116
0.056814 0.027702 0.742423 0.173061
0.095019 0.027300 0.737231 0.140450
0.082580 0.032494 0.768462 0.116463
0.061874 0.036939 0.746362 0.154825
0.079080 0.018205 0.717103 0.185612
0.071687 0.049998 0.738146 0.140170
0.063337 0.038352 0.707455 0.190856
0.084530 0.032886 0.714916 0.167668
0.040981 0.045358 0.753373 0.160288
0.106265 0.034632 0.729454 0.129648
0.021925 0.075964 0.748967 0.153144
0.067578 0.020962 0.753542 0.157919
0.059394 0.039711 0.768854 0.132041
0.061855 0.023916 0.725369 0.188860
0.084671 0.038404 0.753867 0.123058
0.059469 0.038401 0.755947 0.146182
0.068564 0.028589 0.739856 0.162991
0.063903 0.049918 0.742226 0.143954
0.021557 0.052751 0.782646 0.143046
0.059466 0.038451 0.775444 0.126639
0.034658 0.045398 0.826395 0.093549
0.119904 0.019850 0.804093 0.056153
0.078916 0.023997 0.803643 0.093444
0.072039 0.034298 0.796381 0.097282
0.063572 0.039219 0.833283 0.063926
0.088613 0.024864 0.801607 0.084915
0.062090 0.046794 0.777542 0.113574
0.083492 0.035944 0.777444 0.103119
0.056494 0.037985 0.827046 0.078475
0.051278 0.047095 0.799503 0.102124
0.073418 0.014599 0.774667 0.137316
0.052319 0.047928 0.783874 0.115879
0.046908 0.044356 0.810914 0.097822
0.339826 0.066231 0.487160 0.106783
0.054442 0.033253 0.833189 0.079115
0.075207 0.014945 0.754601 0.155247
0.070504 0.044300 0.796822 0.088374
0.062174 0.031744 0.828798 0.077284
0.087386 0.038946 0.771297 0.102371
0.068055 0.042416 0.818596 0.070933
0.042670 0.067094 0.821517 0.068720
0.012538 0.033720 0.941135 0.012607
0.000485 0.040982 0.914719 0.043814
0.023788 0.020684 0.955518 0.000010
0.010834 0.020769 0.968128 0.000268
0.003571 0.025240 0.954216 0.016973
0.005754 0.019724 0.970804 0.003719
0.027748 0.019906 0.945392 0.006954
0.014378 0.021166 0.948380 0.016076
0.015547 0.014747 0.966753 0.002954
0.002653 0.030735 0.965587 0.001025
0.035638 0.028552 0.934046 0.001764
0.005867 0.017200 0.929290 0.047642
0.017609 0.026154 0.955532 0.000705
0.021676 0.014707 0.798404 0.165212
0.013327 0.035448 0.931486 0.019739
0.027396 0.017377 0.921159 0.034067
0.010042 0.002159 0.968826 0.018973
0.029393 0.013357 0.928537 0.028713
0.016286 0.023595 0.588654 0.371464
0.012922 0.015919 0.969957 0.001202
0.017391 0.006372 0.904856 0.071381
0.000010 0.028773 0.960560 0.010658
0.041709 0.013482 0.917548 0.027261
0.009745 0.023102 0.944903 0.022250
0.009477 0.018930 0.941347 0.030246
0.010448 0.012737 0.940667 0.036148
0.075717 0.296513 0.115065 0.512705
0.066240 0.268544 0.160455 0.504761
0.100518 0.241768 0.127150 0.530565
0.075911 0.301318 0.139226 0.483546
0.077721 0.302210 0.135028 0.485040
0.060900 0.300608 0.156419 0.482073
0.084662 0.217999 0.119350 0.577989
0.057271 0.335407 0.123502 0.483819
0.089199 0.276722 0.111031 0.523048
0.078410 0.276434 0.134331 0.510826
0.047886 0.322136 0.147771 0.482207
0.093304 0.289727 0.133737 0.483232
0.076634 0.281691 0.115777 0.525898
0.081388 0.234881 0.118790 0.564942
0.085460 0.254636 0.144085 0.515820
0.092776 0.279322 0.098971 0.528932
0.076142 0.293746 0.126864 0.503248
0.050718 0.153169 0.175847 0.620266
0.075490 0.279041 0.098531 0.546938
0.047380 0.177294 0.160011 0.615315
0.071619 0.280877 0.113607 0.533898
0.050542 0.305601 0.161352 0.482505
0.062900 0.324494 0.129325 0.483280
0.080405 0.297045 0.159816 0.462734
0.044476 0.227074 0.128393 0.600057
0.355242 0.084683 0.401515 0.158559
0.464130 0.060735 0.322817 0.152318
0.410720 0.063356 0.380386 0.145538
0.369770 0.083892 0.366138 0.180200
0.334989 0.075248 0.423531 0.166232
0.393282 0.061592 0.403806 0.141320
0.419894 0.073433 0.355193 0.151480
0.361976 0.080393 0.388911 0.168719
0.232785 0.074970 0.331870 0.360375
0.252656 0.098081 0.322560 0.326702
0.417611 0.049545 0.361530 0.171314
0.319369 0.065689 0.468528 0.146414
0.359918 0.069835 0.432780 0.137466
0.414165 0.089263 0.357574 0.138999
0.316426 0.069350 0.319957 0.294266
0.432950 0.051516 0.346154 0.169380
0.401717 0.098053 0.336145 0.164085
0.422281 0.059259 0.372290 0.146170
0.379384 0.073146 0.383245 0.164226
0.370848 0.061536 0.395728 0.171888
0.383413 0.044081 0.382369 0.190136
0.440186 0.052815 0.374132 0.132866
0.395678 0.049378 0.394722 0.160222
0.434650 0.060349 0.381093 0.123909
0.379301 0.074006 0.398011 0.148682
0.403794 0.068346 0.402580 0.125280
0.392420 0.064078 0.398817 0.144686
0.457466 0.049840 0.340085 0.152609
0.392577 0.066141 0.381352 0.159930
0.395310 0.056924 0.373645 0.174120
0.439313 0.090211 0.332573 0.137903
0.415028 0.062140 0.378053 0.144780
0.361880 0.076645 0.395454 0.166020
0.376652 0.088123 0.373749 0.161475
0.255097 0.136068 0.263775 0.345060
0.360970 0.070823 0.430163 0.138044
0.401776 0.079080 0.372837 0.146308
0.351919 0.093774 0.368519 0.185788
0.643134 0.086946 0.149379 0.120541
0.138737 0.107627 0.274903 0.478732
0.139644 0.132462 0.212675 0.515218
0.113560 0.110903 0.225777 0.549759
0.104981 0.123827 0.264415 0.506776
0.143410 0.107019 0.243574 0.505998
0.133568 0.131531 0.224285 0.510616
0.110455 0.129267 0.257652 0.502627
0.141096 0.151571 0.241681 0.465652
0.149052 0.152334 0.192512 0.506102
0.101946 0.119713 0.281366 0.496975
0.141746 0.127939 0.198165 0.532150
0.115412 0.156579 0.213454 0.514556
0.168428 0.125045 0.214283 0.492244
0.110890 0.122828 0.253263 0.513018
0.157643 0.110596 0.243289 0.488471
0.130131 0.118263 0.242500 0.509106
0.081174 0.079341 0.265947 0.573537
0.133934 0.152670 0.211874 0.501523
0.120159 0.116651 0.229097 0.534092
0.062760 0.937220 0.000010 0.000010
0.059945 0.461884 0.119810 0.358361
0.049105 0.881553 0.023212 0.046130
0.288026 0.652662 0.000010 0.059302
0.260022 0.739958 0.000010 0.000010
0.072052 0.360579 0.101494 0.465875
0.000010 0.999970 0.000010 0.000010
0.000010 0.999970 0.000010 0.000010
0.000010 0.999970 0.000010 0.000010
0.000010 0.937685 0.034376 0.027929
0.191389 0.346461 0.062316 0.399834
0.036295 0.963685 0.000010 0.000010
0.000010 0.999970 0.000010 0.000010
0.063491 0.901676 0.009648 0.025186
0.096807 0.828216 0.002522 0.072455
0.000010 0.999970 0.000010 0.000010
0.100002 0.369580 0.097211 0.433207
0.002456 0.953411 0.037881 0.006252
0.000010 0.999970 0.000010 0.000010
0.000010 0.999968 0.000012 0.000010
0.000010 0.908927 0.061348 0.029715
0.222656 0.777324 0.000010 0.000010
0.000010 0.999970 0.000010 0.000010
0.000010 0.999970 0.000010 0.000010
0.000010 0.968833 0.031147 0.000010
0.115015 0.862504 0.000010 0.022471
0.000010 0.999970 0.000010 0.000010
0.000010 0.586115 0.141285 0.272590
0.000010 0.983661 0.016319 0.000010
0.131284 0.839399 0.000010 0.029308
0.005201 0.994779 0.000010 0.000010
0.656217 0.131764 0.145767 0.066251
0.653876 0.073156 0.178308 0.094660
0.650828 0.084683 0.156097 0.108392
0.583365 0.084015 0.205948 0.126671
0.648119 0.103111 0.143811 0.104960
0.597928 0.093485 0.202168 0.106419
0.649418 0.090054 0.160141 0.100387
0.541516 0.108279 0.165440 0.184764
0.608912 0.077203 0.213193 0.100691
0.522942 0.083071 0.206662 0.187326
0.644605 0.083236 0.139903 0.132256
0.624493 0.098511 0.173384 0.103611
0.638615 0.106429 0.145648 0.109308
0.690053 0.101084 0.129011 0.079852
0.676132 0.096211 0.158769 0.068887
0.647798 0.083547 0.148910 0.119744
0.619273 0.086941 0.195988 0.097798
0.646266 0.098743 0.148084 0.106906
0.010101 0.031743 0.219883 0.738274
0.021232 0.044294 0.206863 0.727610
0.219077 0.651128 0.000010 0.129785
0.077372 0.708758 0.000010 0.213860
0.151947 0.684311 0.000010 0.163732
0.028697 0.768425 0.000010 0.202868
0.571689 0.088722 0.220110 0.119479
0.611243 0.080484 0.202995 0.105277
0.659715 0.084357 0.162086 0.093842
0.652611 0.126887 0.120041 0.100461
0.121437 0.689984 0.000010 0.188569
0.100724 0.645826 0.004790 0.248660
0.665118 0.236855 0.033213 0.064815
0.628084 0.205714 0.087454 0.078748
0.722762 0.195708 0.048977 0.032553
0.725383 0.214313 0.038823 0.021481
0.735649 0.183133 0.049563 0.031655
0.671237 0.225454 0.027114 0.076195
0.708223 0.222757 0.051392 0.017629
0.715155 0.253481 0.017450 0.013914
0.722367 0.228773 0.012519 0.036341
0.699915 0.239121 0.010374 0.050590
0.695320 0.223094 0.052195 0.029390
0.684884 0.257188 0.047053 0.010875
0.731066 0.216454 0.026672 0.025808
0.710024 0.220343 0.031871 0.037762
0.734293 0.183811 0.032877 0.049019
0.705659 0.224214 0.053562 0.016564
0.727555 0.218238 0.025488 0.028720
0.700780 0.235950 0.019229 0.044040
0.374667 0.184123 0.126933 0.314277
0.659432 0.234172 0.067237 0.039158
0.688016 0.238921 0.054828 0.018236
0.709189 0.227229 0.038545 0.025036
0.723378 0.214309 0.040073 0.022239
0.670544 0.247851 0.035581 0.046024
0.688846 0.242167 0.036366 0.032621
0.780524 0.165875 0.039723 0.013878
0.713381 0.204301 0.038301 0.044017
0.694662 0.223856 0.052989 0.028494
0.697908 0.259477 0.013921 0.028694
0.690221 0.251720 0.026931 0.031129
0.640551 0.282601 0.026684 0.050165
0.712135 0.233661 0.025661 0.028543
0.734869 0.201367 0.027099 0.036665
0.062953 0.683497 0.010899 0.242650
0.087028 0.727831 0.004560 0.180581
0.066358 0.692584 0.000010 0.241047
0.075962 0.695777 0.018543 0.209718
0.028918 0.743107 0.000010 0.227965
0.156169 0.681618 0.000010 0.162203
0.104534 0.659565 0.000010 0.235891
0.103656 0.653657 0.004079 0.238607
0.071656 0.679723 0.000010 0.248611
0.050460 0.715165 0.000010 0.234365
0.105319 0.614477 0.000010 0.280194
0.069179 0.732949 0.000010 0.197862
0.080580 0.683936 0.000010 0.235474
0.108602 0.623562 0.000010 0.267826
0.155593 0.650820 0.000010 0.193577
0.069630 0.720111 0.000010 0.210249
0.071267 0.730830 0.000010 0.197893
0.075151 0.714188 0.000010 0.210652
0.078249 0.684163 0.000010 0.237579
0.075929 0.653021 0.000010 0.271040
0.055447 0.433255 0.088876 0.422422
0.062403 0.474236 0.049949 0.413412
0.069814 0.696452 0.022196 0.211538
0.750969 0.195316 0.037333 0.016381
0.699376 0.222903 0.054612 0.023109
0.687465 0.217230 0.038582 0.056723
0.702463 0.229706 0.042965 0.024867
0.679633 0.194893 0.069302 0.056172
0.674325 0.226700 0.042348 0.056627
0.715486 0.224719 0.036541 0.023254
0.733471 0.203109 0.039110 0.024309
0.660232 0.218983 0.040966 0.079819
0.685094 0.217994 0.053804 0.043107
0.738049 0.214597 0.041128 0.006226
0.870033 0.086076 0.020238 0.023653
0.652506 0.090609 0.078741 0.178145
0.873289 0.053232 0.032589 0.040890
0.873462 0.069688 0.001462 0.055388
0.866238 0.075997 0.039195 0.018571
0.833463 0.104896 0.016362 0.045279
0.755710 0.054020 0.087434 0.102835
0.855720 0.092771 0.017652 0.033857
0.870036 0.083428 0.015159 0.031377
0.869754 0.086431 0.031660 0.012154
0.855106 0.077542 0.000010 0.067342
0.872805 0.049731 0.055554 0.021910
0.441285 0.024101 0.126786 0.407827
0.903936 0.037360 0.033442 0.025262
0.840750 0.121580 0.020767 0.016903
0.843095 0.088050 0.032083 0.036772
0.573420 0.075036 0.088448 0.263096
0.710830 0.057594 0.155721 0.075855
0.855128 0.061323 0.034169 0.049380
0.858157 0.090950 0.030327 0.020566
0.829254 0.123414 0.024876 0.022456
0.903864 0.057795 0.038331 0.000010
0.848438 0.096946 0.018477 0.036140
0.372057 0.181207 0.094507 0.352230
0.854125 0.096627 0.016060 0.033188
0.884864 0.065531 0.011229 0.038376
0.874696 0.076239 0.004491 0.044573
0.886815 0.054624 0.041968 0.016593
0.877803 0.072490 0.020356 0.029351
0.841847 0.082271 0.050151 0.025730
0.869684 0.091459 0.030392 0.008465
0.855504 0.076598 0.036333 0.031565
0.882881 0.077284 0.018525 0.021310
0.866136 0.065402 0.016150 0.052312
0.865329 0.070325 0.020956 0.043391
0.651811 0.088612 0.077811 0.181766
0.863697 0.085874 0.012538 0.037891
0.805775 0.054906 0.034545 0.104773
0.797865 0.128124 0.040017 0.033993
0.861474 0.064406 0.050615 0.023506
0.907298 0.030235 0.025588 0.036880
0.891602 0.051716 0.024990 0.031692
0.861166 0.070685 0.024782 0.043367
0.847620 0.089845 0.002300 0.060235
0.999970 0.000010 0.000010 0.000010
0.999970 0.000010 0.000010 0.000010
0.999970 0.000010 0.000010 0.000010
0.999970 0.000010 0.000010 0.000010
0.999970 0.000010 0.000010 0.000010
0.999970 0.000010 0.000010 0.000010
0.999970 0.000010 0.000010 0.000010
0.999970 0.000010 0.000010 0.000010
0.999970 0.000010 0.000010 0.000010
0.999970 0.000010 0.000010 0.000010
0.999970 0.000010 0.000010 0.000010
0.999965 0.000010 0.000015 0.000010
0.989160 0.000010 0.010820 0.000010
0.564928 0.106227 0.195064 0.133781
0.572238 0.088096 0.182908 0.156758
0.628146 0.065439 0.186592 0.119823
0.565601 0.091188 0.207210 0.136001
0.546716 0.091206 0.221643 0.140435
0.564967 0.089887 0.195676 0.149469
0.618609 0.089690 0.176219 0.115482
0.594243 0.078310 0.159965 0.167482
0.623820 0.050497 0.168356 0.157327
0.615185 0.081801 0.185829 0.117185
0.626497 0.061074 0.203519 0.108910
0.447486 0.067847 0.297359 0.187308
0.562409 0.085973 0.182923 0.168695
0.572242 0.096677 0.177095 0.153986
0.598997 0.078263 0.161658 0.161082
0.650891 0.085184 0.177790 0.086135
0.547572 0.102615 0.195083 0.154730
0.592931 0.073158 0.186949 0.146962
0.550153 0.110948 0.195355 0.143544
0.491873 0.085369 0.251908 0.170850
0.548350 0.081404 0.214046 0.156200
0.569374 0.088143 0.214389 0.128093
0.554872 0.084755 0.190304 0.170069
0.610856 0.091811 0.158380 0.138953
0.559421 0.103261 0.195580 0.141738
0.588919 0.070874 0.183914 0.156294
0.585650 0.078639 0.184772 0.150939
0.591782 0.103201 0.171951 0.133065
0.536917 0.097312 0.181522 0.184250
0.595499 0.086781 0.181126 0.136595
0.501888 0.122688 0.211864 0.163561
0.657444 0.061481 0.170809 0.110265
0.596777 0.072232 0.196373 0.134618
0.312554 0.060775 0.153666 0.473005
0.572883 0.098982 0.181318 0.146817
0.583494 0.077339 0.192164 0.147003
0.569770 0.086509 0.177481 0.166240
0.579493 0.064686 0.205269 0.150552
0.582191 0.076064 0.204872 0.136873
0.587778 0.086271 0.199180 0.126771
0.683341 0.095024 0.154703 0.066932
0.584010 0.090752 0.193745 0.131493
0.577551 0.084601 0.191186 0.146663
0.534801 0.106459 0.224299 0.134441
0.557040 0.091429 0.198159 0.153372
0.632799 0.095552 0.144464 0.127184
0.674531 0.062333 0.141831 0.121305
0.614929 0.102171 0.171725 0.111175
0.627809 0.087195 0.143800 0.141197
0.039271 0.014775 0.211465 0.734489
0.000010 0.047612 0.219183 0.733196
0.026308 0.082782 0.185825 0.705084
0.013843 0.000124 0.259776 0.726257
0.017187 0.023025 0.225397 0.734392
0.048104 0.079903 0.164063 0.707930
0.345863 0.172958 0.215392 0.265787
0.038002 0.113751 0.185673 0.662573
0.024153 0.032869 0.203845 0.739133
0.000010 0.062450 0.203364 0.734176
0.050835 0.052779 0.193820 0.702566
0.019160 0.018711 0.192330 0.769799
0.284629 0.233319 0.202802 0.279251
0.022150 0.050341 0.187497 0.740012
0.050171 0.080706 0.173591 0.695533
0.039428 0.094305 0.179491 0.686776
0.000010 0.009233 0.308713 0.682044
0.014212 0.040220 0.218821 0.726747
0.037475 0.059539 0.176517 0.726469
0.027710 0.055884 0.175317 0.741088
0.072457 0.022741 0.363033 0.541768
0.032828 0.017550 0.250503 0.699119
0.029890 0.053370 0.224603 0.692137
0.137624 0.175600 0.156277 0.530499
0.030305 0.092791 0.162122 0.714783
0.014961 0.065343 0.203301 0.716394
0.000010 0.025944 0.173524 0.800522
0.149209 0.189435 0.142973 0.518382
0.015962 0.000010 0.220100 0.763928
0.039821 0.030135 0.204666 0.725378
0.018324 0.086378 0.183741 0.711557
0.009670 0.051456 0.211196 0.727678
0.055780 0.050713 0.178234 0.715273
0.036970 0.111146 0.129270 0.722615
0.112175 0.187154 0.157448 0.543223
0.031400 0.118033 0.146094 0.704473
0.069018 0.056894 0.234443 0.639644
0.030418 0.041528 0.211339 0.716715
0.032229 0.082924 0.151353 0.733494
0.028372 0.095253 0.168659 0.707715
0.045633 0.077461 0.155038 0.721867
0.052569 0.092030 0.126587 0.728814
0.029643 0.090215 0.128023 0.752119
0.049670 0.082632 0.151855 0.715843
0.056852 0.077915 0.150854 0.714379
0.039185 0.099675 0.156552 0.704588
0.004666 0.058316 0.172498 0.764520
0.031225 0.062023 0.160227 0.746526
0.023134 0.068132 0.188853 0.719881
0.043789 0.080108 0.152216 0.723887
0.052831 0.099373 0.150893 0.696903
0.052528 0.121198 0.164720 0.661554
0.123067 0.053411 0.282340 0.541182
0.019906 0.040080 0.210062 0.729952
0.035157 0.098846 0.117020 0.748976
0.063709 0.085609 0.185561 0.665121
0.027895 0.057763 0.211301 0.703041
0.029845 0.035437 0.163871 0.770847
0.035761 0.035128 0.315303 0.613808
0.023382 0.071216 0.179382 0.726020
0.024136 0.102378 0.154208 0.719278
0.000436 0.124936 0.177754 0.696874
0.039318 0.111288 0.152888 0.696505
0.024034 0.101110 0.115016 0.759839
0.049104 0.074619 0.147811 0.728466
0.029552 0.066640 0.197632 0.706176
0.010160 0.104683 0.179191 0.705966
0.016769 0.028170 0.189211 0.765851
0.034362 0.070622 0.166798 0.728218
0.023693 0.098356 0.180279 0.697672
0.019654 0.087670 0.177885 0.714790
0.030094 0.062434 0.158756 0.748716
0.042677 0.067448 0.155774 0.734101
0.043316 0.094556 0.152367 0.709761
0.038058 0.080236 0.134920 0.746786
0.026898 0.108964 0.148802 0.715336
0.052609 0.066464 0.187363 0.693564
0.824450 0.160637 0.000010 0.014903
0.859047 0.140933 0.000010 0.000010
0.835021 0.154608 0.004136 0.006235
0.834643 0.165337 0.000010 0.000010
0.851720 0.148260 0.000010 0.000010
0.872605 0.127375 0.000010 0.000010
0.842135 0.157306 0.000010 0.000549
0.851843 0.148137 0.000010 0.000010
0.822911 0.152229 0.000010 0.024850
0.837414 0.150921 0.000010 0.011656
0.848928 0.151052 0.000010 0.000010
0.741826 0.143334 0.003417 0.111423
0.753196 0.126247 0.056053 0.064504
0.851003 0.148977 0.000010 0.000010
0.880665 0.119315 0.000010 0.000010
0.882507 0.117473 0.000010 0.000010
0.880770 0.119210 0.000010 0.000010
0.905704 0.094276 0.000010 0.000010
0.848238 0.151742 0.000010 0.000010
0.860423 0.136432 0.000010 0.003135
0.782229 0.135677 0.034205 0.047889
0.839358 0.158888 0.000010 0.001744
0.876317 0.123663 0.000010 0.000010
0.854743 0.145237 0.000010 0.000010
0.774534 0.155637 0.027154 0.042675
0.757277 0.169453 0.039998 0.033272
0.766486 0.176650 0.000010 0.056854
0.861609 0.132783 0.000010 0.005598
0.859196 0.140784 0.000010 0.000010
0.876786 0.123194 0.000010 0.000010
0.823180 0.142858 0.000010 0.033953
0.765254 0.165721 0.023030 0.045995
0.862201 0.137779 0.000010 0.000010
0.914476 0.085504 0.000010 0.000010
0.845719 0.154261 0.000010 0.000010
0.852942 0.115585 0.000285 0.031187
0.845062 0.154918 0.000010 0.000010
0.898823 0.101157 0.000010 0.000010
0.787666 0.186575 0.008728 0.017032
0.809007 0.112487 0.000010 0.078495
0.877107 0.122873 0.000010 0.000010
